1100000 1 35 0 0 22 6 140 1 1 0 0
1100000 2 80 0 0 50 13 318 1 1 1 0
1100000 3 134 0 0 84 22 534 1 1 1 1
1100000 4 198 0 0 124 33 788 1 1 1 1
1100000 5 272 0 0 170 45 1080 1 1 1 1
1100000 6 355 0 0 223 59 1410 1 2 1 1
1100000 7 448 0 0 282 75 1778 1 2 2 1
1100000 8 551 0 0 347 92 2184 1 2 2 2
1100000 9 663 0 0 418 111 2627 1 2 2 2
1100000 10 785 0 0 495 132 3108 2 2 2 2
1100000 11 866 0 0 546 146 3429 2 3 2 2
1100000 12 955 0 0 602 161 3783 2 3 3 2
1100000 13 1053 0 0 664 178 4169 2 3 3 3
1100000 14 1159 0 0 731 196 4587 2 3 3 3
1100000 15 1273 0 0 803 215 5037 2 3 3 3
1100000 16 1395 0 0 880 236 5519 2 4 3 3
1100000 17 1525 0 0 962 258 6034 2 4 4 3
1100000 18 1664 0 0 1049 282 6581 2 4 4 4
1100000 19 1811 0 0 1142 307 7160 2 4 4 4
1100000 20 1966 0 0 1240 333 7771 3 4 4 4
1100000 21 2075 0 0 1308 351 8200 3 5 4 4
1100000 22 2194 0 0 1383 371 8672 3 5 5 4
1100000 23 2324 0 0 1465 393 9187 3 5 5 5
1100000 24 2465 0 0 1554 417 9745 3 5 5 5
1100000 25 2617 0 0 1650 443 10345 3 5 5 5
1100000 26 2780 0 0 1753 471 10988 3 6 5 5
1100000 27 2954 0 0 1863 501 11674 3 6 6 5
1100000 28 3139 0 0 1980 533 12403 3 6 6 6
1100000 29 3335 0 0 2104 567 13175 3 6 6 6
1100000 30 3542 0 0 2235 602 13990 4 6 6 6
1100000 31 3678 0 0 2321 625 14526 4 7 6 6
1100000 32 3827 0 0 2415 650 15116 4 7 7 6
1100000 33 3990 0 0 2518 678 15759 4 7 7 7
1100000 34 4167 0 0 2630 708 16456 4 7 7 7
1100000 35 4357 0 0 2750 741 17207 5 7 7 7
1100000 36 4561 0 0 2879 776 18011 5 8 7 7
1100000 37 4779 0 0 3016 813 18869 5 8 8 7
1100000 38 5010 0 0 3162 853 19781 5 8 8 8
1100000 39 5255 0 0 3317 895 20746 5 8 8 8
1100000 40 5514 0 0 3480 939 21765 6 8 8 8
1100000 41 5732 0 0 3617 976 22623 6 9 8 8
1100000 42 5971 0 0 3768 1017 23567 6 9 9 8
1100000 43 6232 0 0 3933 1062 24597 6 9 9 9
1100000 44 6515 0 0 4112 1111 25713 6 9 9 9
1100000 45 6820 0 0 4305 1163 26914 7 9 9 9
1100000 46 7147 0 0 4511 1219 28201 7 10 9 9
1100000 47 7496 0 0 4731 1279 29574 7 10 10 9
1100000 48 7866 0 0 4965 1343 31033 7 10 10 10
1100000 49 8258 0 0 5213 1411 32578 7 10 10 10
1100000 50 8672 0 0 5475 1482 34209 8 10 10 10
1100000 51 8944 0 0 5647 1529 35282 8 11 10 10
1100000 52 9243 0 0 5836 1580 36462 8 11 11 10
1100000 53 9570 0 0 6042 1636 37749 8 11 11 11
1100000 54 9924 0 0 6266 1697 39144 8 11 11 11
1100000 55 10305 0 0 6507 1763 40646 9 11 11 11
1100000 56 10714 0 0 6765 1833 42255 9 12 11 11
1100000 57 11150 0 0 7040 1908 43971 9 12 12 11
1100000 58 11613 0 0 7333 1988 45795 9 12 12 12
1100000 59 12103 0 0 7643 2073 47726 9 12 12 12
1100000 60 12621 0 0 7970 2162 49764 10 12 12 12
1100000 61 12948 0 0 8176 2218 51051 10 13 12 12
1100000 62 13307 0 0 8403 2280 52467 10 13 13 12
1100000 63 13699 0 0 8651 2348 54012 10 13 13 13
1100000 64 14124 0 0 8919 2421 55686 10 13 13 13
1100000 65 14582 0 0 9208 2500 57488 11 13 13 13
1100000 66 15072 0 0 9518 2585 59419 11 14 13 13
1100000 67 15595 0 0 9849 2675 61479 11 14 14 13
1100000 68 16151 0 0 10200 2771 63668 11 14 14 14
1100000 69 16740 0 0 10572 2873 65985 11 14 14 14
1100000 70 17361 0 0 10965 2980 68431 12 14 14 14
1100000 71 17742 0 0 11206 3046 69933 12 15 14 14
1100000 72 18161 0 0 11471 3118 71585 12 15 15 14
1100000 73 18619 0 0 11760 3197 73387 12 15 15 15
1100000 74 19115 0 0 12073 3282 75340 12 15 15 15
1100000 75 19649 0 0 12410 3374 77443 13 15 15 15
1100000 76 20221 0 0 12772 3473 79696 13 16 15 15
1100000 77 20831 0 0 13158 3578 82099 13 16 16 15
1100000 78 21480 0 0 13568 3690 84652 13 16 16 16
1100000 79 22167 0 0 14002 3809 87356 13 16 16 16
1100000 80 22892 0 0 14460 3934 90210 14 16 16 16
1100000 81 23382 0 0 14770 4019 92141 14 17 16 16
1100000 82 23921 0 0 15111 4112 94265 14 17 17 16
1100000 83 24510 0 0 15483 4214 96582 14 17 17 17
1100000 84 25148 0 0 15886 4324 99093 15 17 17 17
1100000 85 25835 0 0 16320 4443 101797 15 17 17 17
1100000 86 26571 0 0 16785 4570 104694 15 18 17 17
1100000 87 27356 0 0 17281 4706 107784 15 18 18 17
1100000 88 28190 0 0 17808 4850 111067 16 18 18 18
1100000 89 29073 0 0 18366 5003 114543 16 18 18 18
1100000 90 30005 0 0 18955 5164 118213 16 18 18 18
1100000 91 31005 0 0 18955 5164 118213 16 18 18 18
1100000 92 32005 0 0 18955 5164 118213 16 18 18 18
1100000 93 33005 0 0 18955 5164 118213 16 18 18 18
1100000 94 34005 0 0 18955 5164 118213 16 18 18 18
1100000 95 35005 0 0 18955 5164 118213 16 18 18 18
1100000 96 36005 0 0 18955 5164 118213 16 18 18 18
1100000 97 37005 0 0 18955 5164 118213 16 18 18 18
1100000 98 38005 0 0 18955 5164 118213 16 18 18 18
1100000 99 39005 0 0 18955 5164 118213 16 18 18 18
1100000 100 40005 0 0 18955 5164 118213 16 18 18 18
1100000 101 40005 0 0 18955 5164 118213 16 18 18 18
1100000 102 40005 0 0 18955 5164 118213 16 18 18 18
1100000 103 40005 0 0 18955 5164 118213 16 18 18 18
1100000 104 40005 0 0 18955 5164 118213 16 18 18 18
1100000 105 40005 0 0 18955 5164 118213 16 18 18 18
1100000 106 40005 0 0 18955 5164 118213 16 18 18 18
1100000 107 40005 0 0 18955 5164 118213 16 18 18 18
1100000 108 40005 0 0 18955 5164 118213 16 18 18 18
1100000 109 40005 0 0 18955 5164 118213 16 18 18 18
1100000 110 40005 0 0 18955 5164 118213 16 18 18 18
1100000 111 40005 0 0 18955 5164 118213 16 18 18 18
1100000 112 40005 0 0 18955 5164 118213 16 18 18 18
1100000 113 40005 0 0 18955 5164 118213 16 18 18 18
1100000 114 40005 0 0 18955 5164 118213 16 18 18 18
1100000 115 40005 0 0 18955 5164 118213 16 18 18 18
1100000 116 40005 0 0 18955 5164 118213 16 18 18 18
1100000 117 40005 0 0 18955 5164 118213 16 18 18 18
1100000 118 40005 0 0 18955 5164 118213 16 18 18 18
1100000 119 40005 0 0 18955 5164 118213 16 18 18 18
1100000 120 40005 0 0 18955 5164 118213 16 18 18 18
1200000 1 35 0 0 22 6 140 1 1 0 0
1200000 2 80 0 0 50 13 318 1 1 1 0
1200000 3 134 0 0 84 22 534 1 1 1 1
1200000 4 198 0 0 124 33 788 1 1 1 1
1200000 5 272 0 0 170 45 1080 1 1 1 1
1200000 6 355 0 0 223 59 1410 1 2 1 1
1200000 7 448 0 0 282 75 1778 1 2 2 1
1200000 8 551 0 0 347 92 2184 1 2 2 2
1200000 9 663 0 0 418 111 2627 1 2 2 2
1200000 10 785 0 0 495 132 3108 2 2 2 2
1200000 11 866 0 0 546 146 3429 2 3 2 2
1200000 12 955 0 0 602 161 3783 2 3 3 2
1200000 13 1053 0 0 664 178 4169 2 3 3 3
1200000 14 1159 0 0 731 196 4587 2 3 3 3
1200000 15 1273 0 0 803 215 5037 2 3 3 3
1200000 16 1395 0 0 880 236 5519 2 4 3 3
1200000 17 1525 0 0 962 258 6034 2 4 4 3
1200000 18 1664 0 0 1049 282 6581 2 4 4 4
1200000 19 1811 0 0 1142 307 7160 2 4 4 4
1200000 20 1966 0 0 1240 333 7771 3 4 4 4
1200000 21 2075 0 0 1308 351 8200 3 5 4 4
1200000 22 2194 0 0 1383 371 8672 3 5 5 4
1200000 23 2324 0 0 1465 393 9187 3 5 5 5
1200000 24 2465 0 0 1554 417 9745 3 5 5 5
1200000 25 2617 0 0 1650 443 10345 3 5 5 5
1200000 26 2780 0 0 1753 471 10988 3 6 5 5
1200000 27 2954 0 0 1863 501 11674 3 6 6 5
1200000 28 3139 0 0 1980 533 12403 3 6 6 6
1200000 29 3335 0 0 2104 567 13175 3 6 6 6
1200000 30 3542 0 0 2235 602 13990 4 6 6 6
1200000 31 3678 0 0 2321 625 14526 4 7 6 6
1200000 32 3827 0 0 2415 650 15116 4 7 7 6
1200000 33 3990 0 0 2518 678 15759 4 7 7 7
1200000 34 4167 0 0 2630 708 16456 4 7 7 7
1200000 35 4357 0 0 2750 741 17207 5 7 7 7
1200000 36 4561 0 0 2879 776 18011 5 8 7 7
1200000 37 4779 0 0 3016 813 18869 5 8 8 7
1200000 38 5010 0 0 3162 853 19781 5 8 8 8
1200000 39 5255 0 0 3317 895 20746 5 8 8 8
1200000 40 5514 0 0 3480 939 21765 6 8 8 8
1200000 41 5732 0 0 3617 976 22623 6 9 8 8
1200000 42 5971 0 0 3768 1017 23567 6 9 9 8
1200000 43 6232 0 0 3933 1062 24597 6 9 9 9
1200000 44 6515 0 0 4112 1111 25713 6 9 9 9
1200000 45 6820 0 0 4305 1163 26914 7 9 9 9
1200000 46 7147 0 0 4511 1219 28201 7 10 9 9
1200000 47 7496 0 0 4731 1279 29574 7 10 10 9
1200000 48 7866 0 0 4965 1343 31033 7 10 10 10
1200000 49 8258 0 0 5213 1411 32578 7 10 10 10
1200000 50 8672 0 0 5475 1482 34209 8 10 10 10
1200000 51 8944 0 0 5647 1529 35282 8 11 10 10
1200000 52 9243 0 0 5836 1580 36462 8 11 11 10
1200000 53 9570 0 0 6042 1636 37749 8 11 11 11
1200000 54 9924 0 0 6266 1697 39144 8 11 11 11
1200000 55 10305 0 0 6507 1763 40646 9 11 11 11
1200000 56 10714 0 0 6765 1833 42255 9 12 11 11
1200000 57 11150 0 0 7040 1908 43971 9 12 12 11
1200000 58 11613 0 0 7333 1988 45795 9 12 12 12
1200000 59 12103 0 0 7643 2073 47726 9 12 12 12
1200000 60 12621 0 0 7970 2162 49764 10 12 12 12
1200000 61 12948 0 0 8176 2218 51051 10 13 12 12
1200000 62 13307 0 0 8403 2280 52467 10 13 13 12
1200000 63 13699 0 0 8651 2348 54012 10 13 13 13
1200000 64 14124 0 0 8919 2421 55686 10 13 13 13
1200000 65 14582 0 0 9208 2500 57488 11 13 13 13
1200000 66 15072 0 0 9518 2585 59419 11 14 13 13
1200000 67 15595 0 0 9849 2675 61479 11 14 14 13
1200000 68 16151 0 0 10200 2771 63668 11 14 14 14
1200000 69 16740 0 0 10572 2873 65985 11 14 14 14
1200000 70 17361 0 0 10965 2980 68431 12 14 14 14
1200000 71 17742 0 0 11206 3046 69933 12 15 14 14
1200000 72 18161 0 0 11471 3118 71585 12 15 15 14
1200000 73 18619 0 0 11760 3197 73387 12 15 15 15
1200000 74 19115 0 0 12073 3282 75340 12 15 15 15
1200000 75 19649 0 0 12410 3374 77443 13 15 15 15
1200000 76 20221 0 0 12772 3473 79696 13 16 15 15
1200000 77 20831 0 0 13158 3578 82099 13 16 16 15
1200000 78 21480 0 0 13568 3690 84652 13 16 16 16
1200000 79 22167 0 0 14002 3809 87356 13 16 16 16
1200000 80 22892 0 0 14460 3934 90210 14 16 16 16
1200000 81 23382 0 0 14770 4019 92141 14 17 16 16
1200000 82 23921 0 0 15111 4112 94265 14 17 17 16
1200000 83 24510 0 0 15483 4214 96582 14 17 17 17
1200000 84 25148 0 0 15886 4324 99093 15 17 17 17
1200000 85 25835 0 0 16320 4443 101797 15 17 17 17
1200000 86 26571 0 0 16785 4570 104694 15 18 17 17
1200000 87 27356 0 0 17281 4706 107784 15 18 18 17
1200000 88 28190 0 0 17808 4850 111067 16 18 18 18
1200000 89 29073 0 0 18366 5003 114543 16 18 18 18
1200000 90 30005 0 0 18955 5164 118213 16 18 18 18
1200000 91 31005 0 0 18955 5164 118213 16 18 18 18
1200000 92 32005 0 0 18955 5164 118213 16 18 18 18
1200000 93 33005 0 0 18955 5164 118213 16 18 18 18
1200000 94 34005 0 0 18955 5164 118213 16 18 18 18
1200000 95 35005 0 0 18955 5164 118213 16 18 18 18
1200000 96 36005 0 0 18955 5164 118213 16 18 18 18
1200000 97 37005 0 0 18955 5164 118213 16 18 18 18
1200000 98 38005 0 0 18955 5164 118213 16 18 18 18
1200000 99 39005 0 0 18955 5164 118213 16 18 18 18
1200000 100 40005 0 0 18955 5164 118213 16 18 18 18
1200000 101 40005 0 0 18955 5164 118213 16 18 18 18
1200000 102 40005 0 0 18955 5164 118213 16 18 18 18
1200000 103 40005 0 0 18955 5164 118213 16 18 18 18
1200000 104 40005 0 0 18955 5164 118213 16 18 18 18
1200000 105 40005 0 0 18955 5164 118213 16 18 18 18
1200000 106 40005 0 0 18955 5164 118213 16 18 18 18
1200000 107 40005 0 0 18955 5164 118213 16 18 18 18
1200000 108 40005 0 0 18955 5164 118213 16 18 18 18
1200000 109 40005 0 0 18955 5164 118213 16 18 18 18
1200000 110 40005 0 0 18955 5164 118213 16 18 18 18
1200000 111 40005 0 0 18955 5164 118213 16 18 18 18
1200000 112 40005 0 0 18955 5164 118213 16 18 18 18
1200000 113 40005 0 0 18955 5164 118213 16 18 18 18
1200000 114 40005 0 0 18955 5164 118213 16 18 18 18
1200000 115 40005 0 0 18955 5164 118213 16 18 18 18
1200000 116 40005 0 0 18955 5164 118213 16 18 18 18
1200000 117 40005 0 0 18955 5164 118213 16 18 18 18
1200000 118 40005 0 0 18955 5164 118213 16 18 18 18
1200000 119 40005 0 0 18955 5164 118213 16 18 18 18
1200000 120 40005 0 0 18955 5164 118213 16 18 18 18
1300000 1 35 0 0 22 6 140 1 1 0 0
1300000 2 80 0 0 50 13 318 1 1 1 0
1300000 3 134 0 0 84 22 534 1 1 1 1
1300000 4 198 0 0 124 33 788 1 1 1 1
1300000 5 272 0 0 170 45 1080 1 1 1 1
1300000 6 355 0 0 223 59 1410 1 2 1 1
1300000 7 448 0 0 282 75 1778 1 2 2 1
1300000 8 551 0 0 347 92 2184 1 2 2 2
1300000 9 663 0 0 418 111 2627 1 2 2 2
1300000 10 785 0 0 495 132 3108 2 2 2 2
1300000 11 866 0 0 546 146 3429 2 3 2 2
1300000 12 955 0 0 602 161 3783 2 3 3 2
1300000 13 1053 0 0 664 178 4169 2 3 3 3
1300000 14 1159 0 0 731 196 4587 2 3 3 3
1300000 15 1273 0 0 803 215 5037 2 3 3 3
1300000 16 1395 0 0 880 236 5519 2 4 3 3
1300000 17 1525 0 0 962 258 6034 2 4 4 3
1300000 18 1664 0 0 1049 282 6581 2 4 4 4
1300000 19 1811 0 0 1142 307 7160 2 4 4 4
1300000 20 1966 0 0 1240 333 7771 3 4 4 4
1300000 21 2075 0 0 1308 351 8200 3 5 4 4
1300000 22 2194 0 0 1383 371 8672 3 5 5 4
1300000 23 2324 0 0 1465 393 9187 3 5 5 5
1300000 24 2465 0 0 1554 417 9745 3 5 5 5
1300000 25 2617 0 0 1650 443 10345 3 5 5 5
1300000 26 2780 0 0 1753 471 10988 3 6 5 5
1300000 27 2954 0 0 1863 501 11674 3 6 6 5
1300000 28 3139 0 0 1980 533 12403 3 6 6 6
1300000 29 3335 0 0 2104 567 13175 3 6 6 6
1300000 30 3542 0 0 2235 602 13990 4 6 6 6
1300000 31 3678 0 0 2321 625 14526 4 7 6 6
1300000 32 3827 0 0 2415 650 15116 4 7 7 6
1300000 33 3990 0 0 2518 678 15759 4 7 7 7
1300000 34 4167 0 0 2630 708 16456 4 7 7 7
1300000 35 4357 0 0 2750 741 17207 5 7 7 7
1300000 36 4561 0 0 2879 776 18011 5 8 7 7
1300000 37 4779 0 0 3016 813 18869 5 8 8 7
1300000 38 5010 0 0 3162 853 19781 5 8 8 8
1300000 39 5255 0 0 3317 895 20746 5 8 8 8
1300000 40 5514 0 0 3480 939 21765 6 8 8 8
1300000 41 5732 0 0 3617 976 22623 6 9 8 8
1300000 42 5971 0 0 3768 1017 23567 6 9 9 8
1300000 43 6232 0 0 3933 1062 24597 6 9 9 9
1300000 44 6515 0 0 4112 1111 25713 6 9 9 9
1300000 45 6820 0 0 4305 1163 26914 7 9 9 9
1300000 46 7147 0 0 4511 1219 28201 7 10 9 9
1300000 47 7496 0 0 4731 1279 29574 7 10 10 9
1300000 48 7866 0 0 4965 1343 31033 7 10 10 10
1300000 49 8258 0 0 5213 1411 32578 7 10 10 10
1300000 50 8672 0 0 5475 1482 34209 8 10 10 10
1300000 51 8944 0 0 5647 1529 35282 8 11 10 10
1300000 52 9243 0 0 5836 1580 36462 8 11 11 10
1300000 53 9570 0 0 6042 1636 37749 8 11 11 11
1300000 54 9924 0 0 6266 1697 39144 8 11 11 11
1300000 55 10305 0 0 6507 1763 40646 9 11 11 11
1300000 56 10714 0 0 6765 1833 42255 9 12 11 11
1300000 57 11150 0 0 7040 1908 43971 9 12 12 11
1300000 58 11613 0 0 7333 1988 45795 9 12 12 12
1300000 59 12103 0 0 7643 2073 47726 9 12 12 12
1300000 60 12621 0 0 7970 2162 49764 10 12 12 12
1300000 61 12948 0 0 8176 2218 51051 10 13 12 12
1300000 62 13307 0 0 8403 2280 52467 10 13 13 12
1300000 63 13699 0 0 8651 2348 54012 10 13 13 13
1300000 64 14124 0 0 8919 2421 55686 10 13 13 13
1300000 65 14582 0 0 9208 2500 57488 11 13 13 13
1300000 66 15072 0 0 9518 2585 59419 11 14 13 13
1300000 67 15595 0 0 9849 2675 61479 11 14 14 13
1300000 68 16151 0 0 10200 2771 63668 11 14 14 14
1300000 69 16740 0 0 10572 2873 65985 11 14 14 14
1300000 70 17361 0 0 10965 2980 68431 12 14 14 14
1300000 71 17742 0 0 11206 3046 69933 12 15 14 14
1300000 72 18161 0 0 11471 3118 71585 12 15 15 14
1300000 73 18619 0 0 11760 3197 73387 12 15 15 15
1300000 74 19115 0 0 12073 3282 75340 12 15 15 15
1300000 75 19649 0 0 12410 3374 77443 13 15 15 15
1300000 76 20221 0 0 12772 3473 79696 13 16 15 15
1300000 77 20831 0 0 13158 3578 82099 13 16 16 15
1300000 78 21480 0 0 13568 3690 84652 13 16 16 16
1300000 79 22167 0 0 14002 3809 87356 13 16 16 16
1300000 80 22892 0 0 14460 3934 90210 14 16 16 16
1300000 81 23382 0 0 14770 4019 92141 14 17 16 16
1300000 82 23921 0 0 15111 4112 94265 14 17 17 16
1300000 83 24510 0 0 15483 4214 96582 14 17 17 17
1300000 84 25148 0 0 15886 4324 99093 15 17 17 17
1300000 85 25835 0 0 16320 4443 101797 15 17 17 17
1300000 86 26571 0 0 16785 4570 104694 15 18 17 17
1300000 87 27356 0 0 17281 4706 107784 15 18 18 17
1300000 88 28190 0 0 17808 4850 111067 16 18 18 18
1300000 89 29073 0 0 18366 5003 114543 16 18 18 18
1300000 90 30005 0 0 18955 5164 118213 16 18 18 18
1300000 91 31005 0 0 18955 5164 118213 16 18 18 18
1300000 92 32005 0 0 18955 5164 118213 16 18 18 18
1300000 93 33005 0 0 18955 5164 118213 16 18 18 18
1300000 94 34005 0 0 18955 5164 118213 16 18 18 18
1300000 95 35005 0 0 18955 5164 118213 16 18 18 18
1300000 96 36005 0 0 18955 5164 118213 16 18 18 18
1300000 97 37005 0 0 18955 5164 118213 16 18 18 18
1300000 98 38005 0 0 18955 5164 118213 16 18 18 18
1300000 99 39005 0 0 18955 5164 118213 16 18 18 18
1300000 100 40005 0 0 18955 5164 118213 16 18 18 18
1300000 101 40005 0 0 18955 5164 118213 16 18 18 18
1300000 102 40005 0 0 18955 5164 118213 16 18 18 18
1300000 103 40005 0 0 18955 5164 118213 16 18 18 18
1300000 104 40005 0 0 18955 5164 118213 16 18 18 18
1300000 105 40005 0 0 18955 5164 118213 16 18 18 18
1300000 106 40005 0 0 18955 5164 118213 16 18 18 18
1300000 107 40005 0 0 18955 5164 118213 16 18 18 18
1300000 108 40005 0 0 18955 5164 118213 16 18 18 18
1300000 109 40005 0 0 18955 5164 118213 16 18 18 18
1300000 110 40005 0 0 18955 5164 118213 16 18 18 18
1300000 111 40005 0 0 18955 5164 118213 16 18 18 18
1300000 112 40005 0 0 18955 5164 118213 16 18 18 18
1300000 113 40005 0 0 18955 5164 118213 16 18 18 18
1300000 114 40005 0 0 18955 5164 118213 16 18 18 18
1300000 115 40005 0 0 18955 5164 118213 16 18 18 18
1300000 116 40005 0 0 18955 5164 118213 16 18 18 18
1300000 117 40005 0 0 18955 5164 118213 16 18 18 18
1300000 118 40005 0 0 18955 5164 118213 16 18 18 18
1300000 119 40005 0 0 18955 5164 118213 16 18 18 18
1300000 120 40005 0 0 18955 5164 118213 16 18 18 18
2100000 1 35 0 0 22 6 140 1 1 0 0
2100000 2 80 0 0 50 13 318 1 1 1 0
2100000 3 134 0 0 84 22 534 1 1 1 1
2100000 4 198 0 0 124 33 788 1 1 1 1
2100000 5 272 0 0 170 45 1080 1 1 1 1
2100000 6 355 0 0 223 59 1410 1 2 1 1
2100000 7 448 0 0 282 75 1778 1 2 2 1
2100000 8 551 0 0 347 92 2184 1 2 2 2
2100000 9 663 0 0 418 111 2627 1 2 2 2
2100000 10 785 0 0 495 132 3108 2 2 2 2
2100000 11 866 0 0 546 146 3429 2 3 2 2
2100000 12 955 0 0 602 161 3783 2 3 3 2
2100000 13 1053 0 0 664 178 4169 2 3 3 3
2100000 14 1159 0 0 731 196 4587 2 3 3 3
2100000 15 1273 0 0 803 215 5037 2 3 3 3
2100000 16 1395 0 0 880 236 5519 2 4 3 3
2100000 17 1525 0 0 962 258 6034 2 4 4 3
2100000 18 1664 0 0 1049 282 6581 2 4 4 4
2100000 19 1811 0 0 1142 307 7160 2 4 4 4
2100000 20 1966 0 0 1240 333 7771 3 4 4 4
2100000 21 2075 0 0 1308 351 8200 3 5 4 4
2100000 22 2194 0 0 1383 371 8672 3 5 5 4
2100000 23 2324 0 0 1465 393 9187 3 5 5 5
2100000 24 2465 0 0 1554 417 9745 3 5 5 5
2100000 25 2617 0 0 1650 443 10345 3 5 5 5
2100000 26 2780 0 0 1753 471 10988 3 6 5 5
2100000 27 2954 0 0 1863 501 11674 3 6 6 5
2100000 28 3139 0 0 1980 533 12403 3 6 6 6
2100000 29 3335 0 0 2104 567 13175 3 6 6 6
2100000 30 3542 0 0 2235 602 13990 4 6 6 6
2100000 31 3678 0 0 2321 625 14526 4 7 6 6
2100000 32 3827 0 0 2415 650 15116 4 7 7 6
2100000 33 3990 0 0 2518 678 15759 4 7 7 7
2100000 34 4167 0 0 2630 708 16456 4 7 7 7
2100000 35 4357 0 0 2750 741 17207 5 7 7 7
2100000 36 4561 0 0 2879 776 18011 5 8 7 7
2100000 37 4779 0 0 3016 813 18869 5 8 8 7
2100000 38 5010 0 0 3162 853 19781 5 8 8 8
2100000 39 5255 0 0 3317 895 20746 5 8 8 8
2100000 40 5514 0 0 3480 939 21765 6 8 8 8
2100000 41 5732 0 0 3617 976 22623 6 9 8 8
2100000 42 5971 0 0 3768 1017 23567 6 9 9 8
2100000 43 6232 0 0 3933 1062 24597 6 9 9 9
2100000 44 6515 0 0 4112 1111 25713 6 9 9 9
2100000 45 6820 0 0 4305 1163 26914 7 9 9 9
2100000 46 7147 0 0 4511 1219 28201 7 10 9 9
2100000 47 7496 0 0 4731 1279 29574 7 10 10 9
2100000 48 7866 0 0 4965 1343 31033 7 10 10 10
2100000 49 8258 0 0 5213 1411 32578 7 10 10 10
2100000 50 8672 0 0 5475 1482 34209 8 10 10 10
2100000 51 8944 0 0 5647 1529 35282 8 11 10 10
2100000 52 9243 0 0 5836 1580 36462 8 11 11 10
2100000 53 9570 0 0 6042 1636 37749 8 11 11 11
2100000 54 9924 0 0 6266 1697 39144 8 11 11 11
2100000 55 10305 0 0 6507 1763 40646 9 11 11 11
2100000 56 10714 0 0 6765 1833 42255 9 12 11 11
2100000 57 11150 0 0 7040 1908 43971 9 12 12 11
2100000 58 11613 0 0 7333 1988 45795 9 12 12 12
2100000 59 12103 0 0 7643 2073 47726 9 12 12 12
2100000 60 12621 0 0 7970 2162 49764 10 12 12 12
2100000 61 12948 0 0 8176 2218 51051 10 13 12 12
2100000 62 13307 0 0 8403 2280 52467 10 13 13 12
2100000 63 13699 0 0 8651 2348 54012 10 13 13 13
2100000 64 14124 0 0 8919 2421 55686 10 13 13 13
2100000 65 14582 0 0 9208 2500 57488 11 13 13 13
2100000 66 15072 0 0 9518 2585 59419 11 14 13 13
2100000 67 15595 0 0 9849 2675 61479 11 14 14 13
2100000 68 16151 0 0 10200 2771 63668 11 14 14 14
2100000 69 16740 0 0 10572 2873 65985 11 14 14 14
2100000 70 17361 0 0 10965 2980 68431 12 14 14 14
2100000 71 17742 0 0 11206 3046 69933 12 15 14 14
2100000 72 18161 0 0 11471 3118 71585 12 15 15 14
2100000 73 18619 0 0 11760 3197 73387 12 15 15 15
2100000 74 19115 0 0 12073 3282 75340 12 15 15 15
2100000 75 19649 0 0 12410 3374 77443 13 15 15 15
2100000 76 20221 0 0 12772 3473 79696 13 16 15 15
2100000 77 20831 0 0 13158 3578 82099 13 16 16 15
2100000 78 21480 0 0 13568 3690 84652 13 16 16 16
2100000 79 22167 0 0 14002 3809 87356 13 16 16 16
2100000 80 22892 0 0 14460 3934 90210 14 16 16 16
2100000 81 23382 0 0 14770 4019 92141 14 17 16 16
2100000 82 23921 0 0 15111 4112 94265 14 17 17 16
2100000 83 24510 0 0 15483 4214 96582 14 17 17 17
2100000 84 25148 0 0 15886 4324 99093 15 17 17 17
2100000 85 25835 0 0 16320 4443 101797 15 17 17 17
2100000 86 26571 0 0 16785 4570 104694 15 18 17 17
2100000 87 27356 0 0 17281 4706 107784 15 18 18 17
2100000 88 28190 0 0 17808 4850 111067 16 18 18 18
2100000 89 29073 0 0 18366 5003 114543 16 18 18 18
2100000 90 30005 0 0 18955 5164 118213 16 18 18 18
2100000 91 31005 0 0 18955 5164 118213 16 18 18 18
2100000 92 32005 0 0 18955 5164 118213 16 18 18 18
2100000 93 33005 0 0 18955 5164 118213 16 18 18 18
2100000 94 34005 0 0 18955 5164 118213 16 18 18 18
2100000 95 35005 0 0 18955 5164 118213 16 18 18 18
2100000 96 36005 0 0 18955 5164 118213 16 18 18 18
2100000 97 37005 0 0 18955 5164 118213 16 18 18 18
2100000 98 38005 0 0 18955 5164 118213 16 18 18 18
2100000 99 39005 0 0 18955 5164 118213 16 18 18 18
2100000 100 40005 0 0 18955 5164 118213 16 18 18 18
2100000 101 40005 0 0 18955 5164 118213 16 18 18 18
2100000 102 40005 0 0 18955 5164 118213 16 18 18 18
2100000 103 40005 0 0 18955 5164 118213 16 18 18 18
2100000 104 40005 0 0 18955 5164 118213 16 18 18 18
2100000 105 40005 0 0 18955 5164 118213 16 18 18 18
2100000 106 40005 0 0 18955 5164 118213 16 18 18 18
2100000 107 40005 0 0 18955 5164 118213 16 18 18 18
2100000 108 40005 0 0 18955 5164 118213 16 18 18 18
2100000 109 40005 0 0 18955 5164 118213 16 18 18 18
2100000 110 40005 0 0 18955 5164 118213 16 18 18 18
2100000 111 40005 0 0 18955 5164 118213 16 18 18 18
2100000 112 40005 0 0 18955 5164 118213 16 18 18 18
2100000 113 40005 0 0 18955 5164 118213 16 18 18 18
2100000 114 40005 0 0 18955 5164 118213 16 18 18 18
2100000 115 40005 0 0 18955 5164 118213 16 18 18 18
2100000 116 40005 0 0 18955 5164 118213 16 18 18 18
2100000 117 40005 0 0 18955 5164 118213 16 18 18 18
2100000 118 40005 0 0 18955 5164 118213 16 18 18 18
2100000 119 40005 0 0 18955 5164 118213 16 18 18 18
2100000 120 40005 0 0 18955 5164 118213 16 18 18 18
2200000 1 35 0 0 22 6 140 1 1 0 0
2200000 2 80 0 0 50 13 318 1 1 1 0
2200000 3 134 0 0 84 22 534 1 1 1 1
2200000 4 198 0 0 124 33 788 1 1 1 1
2200000 5 272 0 0 170 45 1080 1 1 1 1
2200000 6 355 0 0 223 59 1410 1 2 1 1
2200000 7 448 0 0 282 75 1778 1 2 2 1
2200000 8 551 0 0 347 92 2184 1 2 2 2
2200000 9 663 0 0 418 111 2627 1 2 2 2
2200000 10 785 0 0 495 132 3108 2 2 2 2
2200000 11 866 0 0 546 146 3429 2 3 2 2
2200000 12 955 0 0 602 161 3783 2 3 3 2
2200000 13 1053 0 0 664 178 4169 2 3 3 3
2200000 14 1159 0 0 731 196 4587 2 3 3 3
2200000 15 1273 0 0 803 215 5037 2 3 3 3
2200000 16 1395 0 0 880 236 5519 2 4 3 3
2200000 17 1525 0 0 962 258 6034 2 4 4 3
2200000 18 1664 0 0 1049 282 6581 2 4 4 4
2200000 19 1811 0 0 1142 307 7160 2 4 4 4
2200000 20 1966 0 0 1240 333 7771 3 4 4 4
2200000 21 2075 0 0 1308 351 8200 3 5 4 4
2200000 22 2194 0 0 1383 371 8672 3 5 5 4
2200000 23 2324 0 0 1465 393 9187 3 5 5 5
2200000 24 2465 0 0 1554 417 9745 3 5 5 5
2200000 25 2617 0 0 1650 443 10345 3 5 5 5
2200000 26 2780 0 0 1753 471 10988 3 6 5 5
2200000 27 2954 0 0 1863 501 11674 3 6 6 5
2200000 28 3139 0 0 1980 533 12403 3 6 6 6
2200000 29 3335 0 0 2104 567 13175 3 6 6 6
2200000 30 3542 0 0 2235 602 13990 4 6 6 6
2200000 31 3678 0 0 2321 625 14526 4 7 6 6
2200000 32 3827 0 0 2415 650 15116 4 7 7 6
2200000 33 3990 0 0 2518 678 15759 4 7 7 7
2200000 34 4167 0 0 2630 708 16456 4 7 7 7
2200000 35 4357 0 0 2750 741 17207 5 7 7 7
2200000 36 4561 0 0 2879 776 18011 5 8 7 7
2200000 37 4779 0 0 3016 813 18869 5 8 8 7
2200000 38 5010 0 0 3162 853 19781 5 8 8 8
2200000 39 5255 0 0 3317 895 20746 5 8 8 8
2200000 40 5514 0 0 3480 939 21765 6 8 8 8
2200000 41 5732 0 0 3617 976 22623 6 9 8 8
2200000 42 5971 0 0 3768 1017 23567 6 9 9 8
2200000 43 6232 0 0 3933 1062 24597 6 9 9 9
2200000 44 6515 0 0 4112 1111 25713 6 9 9 9
2200000 45 6820 0 0 4305 1163 26914 7 9 9 9
2200000 46 7147 0 0 4511 1219 28201 7 10 9 9
2200000 47 7496 0 0 4731 1279 29574 7 10 10 9
2200000 48 7866 0 0 4965 1343 31033 7 10 10 10
2200000 49 8258 0 0 5213 1411 32578 7 10 10 10
2200000 50 8672 0 0 5475 1482 34209 8 10 10 10
2200000 51 8944 0 0 5647 1529 35282 8 11 10 10
2200000 52 9243 0 0 5836 1580 36462 8 11 11 10
2200000 53 9570 0 0 6042 1636 37749 8 11 11 11
2200000 54 9924 0 0 6266 1697 39144 8 11 11 11
2200000 55 10305 0 0 6507 1763 40646 9 11 11 11
2200000 56 10714 0 0 6765 1833 42255 9 12 11 11
2200000 57 11150 0 0 7040 1908 43971 9 12 12 11
2200000 58 11613 0 0 7333 1988 45795 9 12 12 12
2200000 59 12103 0 0 7643 2073 47726 9 12 12 12
2200000 60 12621 0 0 7970 2162 49764 10 12 12 12
2200000 61 12948 0 0 8176 2218 51051 10 13 12 12
2200000 62 13307 0 0 8403 2280 52467 10 13 13 12
2200000 63 13699 0 0 8651 2348 54012 10 13 13 13
2200000 64 14124 0 0 8919 2421 55686 10 13 13 13
2200000 65 14582 0 0 9208 2500 57488 11 13 13 13
2200000 66 15072 0 0 9518 2585 59419 11 14 13 13
2200000 67 15595 0 0 9849 2675 61479 11 14 14 13
2200000 68 16151 0 0 10200 2771 63668 11 14 14 14
2200000 69 16740 0 0 10572 2873 65985 11 14 14 14
2200000 70 17361 0 0 10965 2980 68431 12 14 14 14
2200000 71 17742 0 0 11206 3046 69933 12 15 14 14
2200000 72 18161 0 0 11471 3118 71585 12 15 15 14
2200000 73 18619 0 0 11760 3197 73387 12 15 15 15
2200000 74 19115 0 0 12073 3282 75340 12 15 15 15
2200000 75 19649 0 0 12410 3374 77443 13 15 15 15
2200000 76 20221 0 0 12772 3473 79696 13 16 15 15
2200000 77 20831 0 0 13158 3578 82099 13 16 16 15
2200000 78 21480 0 0 13568 3690 84652 13 16 16 16
2200000 79 22167 0 0 14002 3809 87356 13 16 16 16
2200000 80 22892 0 0 14460 3934 90210 14 16 16 16
2200000 81 23382 0 0 14770 4019 92141 14 17 16 16
2200000 82 23921 0 0 15111 4112 94265 14 17 17 16
2200000 83 24510 0 0 15483 4214 96582 14 17 17 17
2200000 84 25148 0 0 15886 4324 99093 15 17 17 17
2200000 85 25835 0 0 16320 4443 101797 15 17 17 17
2200000 86 26571 0 0 16785 4570 104694 15 18 17 17
2200000 87 27356 0 0 17281 4706 107784 15 18 18 17
2200000 88 28190 0 0 17808 4850 111067 16 18 18 18
2200000 89 29073 0 0 18366 5003 114543 16 18 18 18
2200000 90 30005 0 0 18955 5164 118213 16 18 18 18
2200000 91 31005 0 0 18955 5164 118213 16 18 18 18
2200000 92 32005 0 0 18955 5164 118213 16 18 18 18
2200000 93 33005 0 0 18955 5164 118213 16 18 18 18
2200000 94 34005 0 0 18955 5164 118213 16 18 18 18
2200000 95 35005 0 0 18955 5164 118213 16 18 18 18
2200000 96 36005 0 0 18955 5164 118213 16 18 18 18
2200000 97 37005 0 0 18955 5164 118213 16 18 18 18
2200000 98 38005 0 0 18955 5164 118213 16 18 18 18
2200000 99 39005 0 0 18955 5164 118213 16 18 18 18
2200000 100 40005 0 0 18955 5164 118213 16 18 18 18
2300000 1 35 0 0 22 6 140 1 1 0 0
2300000 2 80 0 0 50 13 318 1 1 1 0
2300000 3 134 0 0 84 22 534 1 1 1 1
2300000 4 198 0 0 124 33 788 1 1 1 1
2300000 5 272 0 0 170 45 1080 1 1 1 1
2300000 6 355 0 0 223 59 1410 1 2 1 1
2300000 7 448 0 0 282 75 1778 1 2 2 1
2300000 8 551 0 0 347 92 2184 1 2 2 2
2300000 9 663 0 0 418 111 2627 1 2 2 2
2300000 10 785 0 0 495 132 3108 2 2 2 2
2300000 11 866 0 0 546 146 3429 2 3 2 2
2300000 12 955 0 0 602 161 3783 2 3 3 2
2300000 13 1053 0 0 664 178 4169 2 3 3 3
2300000 14 1159 0 0 731 196 4587 2 3 3 3
2300000 15 1273 0 0 803 215 5037 2 3 3 3
2300000 16 1395 0 0 880 236 5519 2 4 3 3
2300000 17 1525 0 0 962 258 6034 2 4 4 3
2300000 18 1664 0 0 1049 282 6581 2 4 4 4
2300000 19 1811 0 0 1142 307 7160 2 4 4 4
2300000 20 1966 0 0 1240 333 7771 3 4 4 4
2300000 21 2075 0 0 1308 351 8200 3 5 4 4
2300000 22 2194 0 0 1383 371 8672 3 5 5 4
2300000 23 2324 0 0 1465 393 9187 3 5 5 5
2300000 24 2465 0 0 1554 417 9745 3 5 5 5
2300000 25 2617 0 0 1650 443 10345 3 5 5 5
2300000 26 2780 0 0 1753 471 10988 3 6 5 5
2300000 27 2954 0 0 1863 501 11674 3 6 6 5
2300000 28 3139 0 0 1980 533 12403 3 6 6 6
2300000 29 3335 0 0 2104 567 13175 3 6 6 6
2300000 30 3542 0 0 2235 602 13990 4 6 6 6
2300000 31 3678 0 0 2321 625 14526 4 7 6 6
2300000 32 3827 0 0 2415 650 15116 4 7 7 6
2300000 33 3990 0 0 2518 678 15759 4 7 7 7
2300000 34 4167 0 0 2630 708 16456 4 7 7 7
2300000 35 4357 0 0 2750 741 17207 5 7 7 7
2300000 36 4561 0 0 2879 776 18011 5 8 7 7
2300000 37 4779 0 0 3016 813 18869 5 8 8 7
2300000 38 5010 0 0 3162 853 19781 5 8 8 8
2300000 39 5255 0 0 3317 895 20746 5 8 8 8
2300000 40 5514 0 0 3480 939 21765 6 8 8 8
2300000 41 5732 0 0 3617 976 22623 6 9 8 8
2300000 42 5971 0 0 3768 1017 23567 6 9 9 8
2300000 43 6232 0 0 3933 1062 24597 6 9 9 9
2300000 44 6515 0 0 4112 1111 25713 6 9 9 9
2300000 45 6820 0 0 4305 1163 26914 7 9 9 9
2300000 46 7147 0 0 4511 1219 28201 7 10 9 9
2300000 47 7496 0 0 4731 1279 29574 7 10 10 9
2300000 48 7866 0 0 4965 1343 31033 7 10 10 10
2300000 49 8258 0 0 5213 1411 32578 7 10 10 10
2300000 50 8672 0 0 5475 1482 34209 8 10 10 10
2300000 51 8944 0 0 5647 1529 35282 8 11 10 10
2300000 52 9243 0 0 5836 1580 36462 8 11 11 10
2300000 53 9570 0 0 6042 1636 37749 8 11 11 11
2300000 54 9924 0 0 6266 1697 39144 8 11 11 11
2300000 55 10305 0 0 6507 1763 40646 9 11 11 11
2300000 56 10714 0 0 6765 1833 42255 9 12 11 11
2300000 57 11150 0 0 7040 1908 43971 9 12 12 11
2300000 58 11613 0 0 7333 1988 45795 9 12 12 12
2300000 59 12103 0 0 7643 2073 47726 9 12 12 12
2300000 60 12621 0 0 7970 2162 49764 10 12 12 12
2300000 61 12948 0 0 8176 2218 51051 10 13 12 12
2300000 62 13307 0 0 8403 2280 52467 10 13 13 12
2300000 63 13699 0 0 8651 2348 54012 10 13 13 13
2300000 64 14124 0 0 8919 2421 55686 10 13 13 13
2300000 65 14582 0 0 9208 2500 57488 11 13 13 13
2300000 66 15072 0 0 9518 2585 59419 11 14 13 13
2300000 67 15595 0 0 9849 2675 61479 11 14 14 13
2300000 68 16151 0 0 10200 2771 63668 11 14 14 14
2300000 69 16740 0 0 10572 2873 65985 11 14 14 14
2300000 70 17361 0 0 10965 2980 68431 12 14 14 14
2300000 71 17742 0 0 11206 3046 69933 12 15 14 14
2300000 72 18161 0 0 11471 3118 71585 12 15 15 14
2300000 73 18619 0 0 11760 3197 73387 12 15 15 15
2300000 74 19115 0 0 12073 3282 75340 12 15 15 15
2300000 75 19649 0 0 12410 3374 77443 13 15 15 15
2300000 76 20221 0 0 12772 3473 79696 13 16 15 15
2300000 77 20831 0 0 13158 3578 82099 13 16 16 15
2300000 78 21480 0 0 13568 3690 84652 13 16 16 16
2300000 79 22167 0 0 14002 3809 87356 13 16 16 16
2300000 80 22892 0 0 14460 3934 90210 14 16 16 16
2300000 81 23382 0 0 14770 4019 92141 14 17 16 16
2300000 82 23921 0 0 15111 4112 94265 14 17 17 16
2300000 83 24510 0 0 15483 4214 96582 14 17 17 17
2300000 84 25148 0 0 15886 4324 99093 15 17 17 17
2300000 85 25835 0 0 16320 4443 101797 15 17 17 17
2300000 86 26571 0 0 16785 4570 104694 15 18 17 17
2300000 87 27356 0 0 17281 4706 107784 15 18 18 17
2300000 88 28190 0 0 17808 4850 111067 16 18 18 18
2300000 89 29073 0 0 18366 5003 114543 16 18 18 18
2300000 90 30005 0 0 18955 5164 118213 16 18 18 18
2300000 91 31005 0 0 18955 5164 118213 16 18 18 18
2300000 92 32005 0 0 18955 5164 118213 16 18 18 18
2300000 93 33005 0 0 18955 5164 118213 16 18 18 18
2300000 94 34005 0 0 18955 5164 118213 16 18 18 18
2300000 95 35005 0 0 18955 5164 118213 16 18 18 18
2300000 96 36005 0 0 18955 5164 118213 16 18 18 18
2300000 97 37005 0 0 18955 5164 118213 16 18 18 18
2300000 98 38005 0 0 18955 5164 118213 16 18 18 18
2300000 99 39005 0 0 18955 5164 118213 16 18 18 18
2300000 100 40005 0 0 18955 5164 118213 16 18 18 18
2300000 101 40005 0 0 18955 5164 118213 16 18 18 18
2300000 102 40005 0 0 18955 5164 118213 16 18 18 18
2300000 103 40005 0 0 18955 5164 118213 16 18 18 18
2300000 104 40005 0 0 18955 5164 118213 16 18 18 18
2300000 105 40005 0 0 18955 5164 118213 16 18 18 18
2300000 106 40005 0 0 18955 5164 118213 16 18 18 18
2300000 107 40005 0 0 18955 5164 118213 16 18 18 18
2300000 108 40005 0 0 18955 5164 118213 16 18 18 18
2300000 109 40005 0 0 18955 5164 118213 16 18 18 18
2300000 110 40005 0 0 18955 5164 118213 16 18 18 18
2300000 111 40005 0 0 18955 5164 118213 16 18 18 18
2300000 112 40005 0 0 18955 5164 118213 16 18 18 18
2300000 113 40005 0 0 18955 5164 118213 16 18 18 18
2300000 114 40005 0 0 18955 5164 118213 16 18 18 18
2300000 115 40005 0 0 18955 5164 118213 16 18 18 18
2300000 116 40005 0 0 18955 5164 118213 16 18 18 18
2300000 117 40005 0 0 18955 5164 118213 16 18 18 18
2300000 118 40005 0 0 18955 5164 118213 16 18 18 18
2300000 119 40005 0 0 18955 5164 118213 16 18 18 18
2300000 120 40005 0 0 18955 5164 118213 16 18 18 18
1600000 1 28 0 0 22 6 140 1 1 0 0
1600000 2 64 0 0 50 13 318 1 1 0 0
1600000 3 107 0 0 84 22 534 1 1 0 0
1600000 4 158 0 0 124 33 788 1 1 0 0
1600000 5 217 0 0 170 45 1080 1 1 0 0
1600000 6 284 0 0 223 59 1410 1 2 0 0
1600000 7 358 0 0 282 75 1778 1 2 0 0
1600000 8 440 0 0 347 92 2184 1 2 0 0
1600000 9 530 0 0 418 111 2627 1 2 0 0
1600000 10 628 0 0 495 132 3108 2 3 0 1
1600000 11 692 0 0 546 146 3429 2 3 0 1
1600000 12 764 0 0 602 161 3783 2 3 0 1
1600000 13 842 0 0 664 178 4169 2 4 0 1
1600000 14 927 0 0 731 196 4587 2 4 0 1
1600000 15 1018 0 0 803 215 5037 2 4 0 1
1600000 16 1116 0 0 880 236 5519 2 5 0 1
1600000 17 1220 0 0 962 258 6034 2 5 0 1
1600000 18 1331 0 0 1049 282 6581 2 5 0 1
1600000 19 1448 0 0 1142 307 7160 2 6 0 1
1600000 20 1572 0 0 1240 333 7771 3 6 1 2
1600000 21 1660 0 0 1308 351 8200 3 6 1 2
1600000 22 1755 0 0 1383 371 8672 3 7 1 2
1600000 23 1859 0 0 1465 393 9187 3 7 1 2
1600000 24 1972 0 0 1554 417 9745 3 7 1 2
1600000 25 2093 0 0 1650 443 10345 3 8 1 2
1600000 26 2224 0 0 1753 471 10988 3 8 1 2
1600000 27 2363 0 0 1863 501 11674 3 9 1 2
1600000 28 2511 0 0 1980 533 12403 3 9 1 2
1600000 29 2668 0 0 2104 567 13175 3 10 1 2
1600000 30 2833 0 0 2235 602 13990 4 10 1 3
1600000 31 2942 0 0 2321 625 14526 4 11 1 3
1600000 32 3061 0 0 2415 650 15116 4 11 1 3
1600000 33 3192 0 0 2518 678 15759 4 12 1 3
1600000 34 3333 0 0 2630 708 16456 4 12 1 3
1600000 35 3485 0 0 2750 741 17207 5 13 1 3
1600000 36 3648 0 0 2879 776 18011 5 13 1 3
1600000 37 3823 0 0 3016 813 18869 5 14 1 3
1600000 38 4008 0 0 3162 853 19781 5 14 1 3
1600000 39 4204 0 0 3317 895 20746 5 15 1 3
1600000 40 4411 0 0 3480 939 21765 6 15 2 4
1600000 41 4585 0 0 3617 976 22623 6 16 2 4
1600000 42 4776 0 0 3768 1017 23567 6 16 2 4
1600000 43 4985 0 0 3933 1062 24597 6 17 2 4
1600000 44 5212 0 0 4112 1111 25713 6 17 2 4
1600000 45 5456 0 0 4305 1163 26914 7 18 2 4
1600000 46 5717 0 0 4511 1219 28201 7 18 2 4
1600000 47 5996 0 0 4731 1279 29574 7 19 2 4
1600000 48 6292 0 0 4965 1343 31033 7 19 2 4
1600000 49 6606 0 0 5213 1411 32578 7 20 2 4
1600000 50 6937 0 0 5475 1482 34209 8 20 2 5
1600000 51 7155 0 0 5647 1529 35282 8 21 2 5
1600000 52 7394 0 0 5836 1580 36462 8 21 2 5
1600000 53 7656 0 0 6042 1636 37749 8 22 2 5
1600000 54 7939 0 0 6266 1697 39144 8 22 2 5
1600000 55 8244 0 0 6507 1763 40646 9 23 2 5
1600000 56 8571 0 0 6765 1833 42255 9 23 2 5
1600000 57 8920 0 0 7040 1908 43971 9 24 2 5
1600000 58 9290 0 0 7333 1988 45795 9 24 2 5
1600000 59 9682 0 0 7643 2073 47726 9 25 2 5
1600000 60 10096 0 0 7970 2162 49764 10 25 3 6
1600000 61 10358 0 0 8176 2218 51051 10 26 3 6
1600000 62 10645 0 0 8403 2280 52467 10 26 3 6
1600000 63 10959 0 0 8651 2348 54012 10 27 3 6
1600000 64 11299 0 0 8919 2421 55686 10 27 3 6
1600000 65 11665 0 0 9208 2500 57488 11 28 3 6
1600000 66 12057 0 0 9518 2585 59419 11 28 3 6
1600000 67 12476 0 0 9849 2675 61479 11 29 3 6
1600000 68 12920 0 0 10200 2771 63668 11 29 3 6
1600000 69 13392 0 0 10572 2873 65985 11 30 3 6
1600000 70 13888 0 0 10965 2980 68431 12 30 3 6
1600000 71 14193 0 0 11206 3046 69933 12 31 3 7
1600000 72 14528 0 0 11471 3118 71585 12 31 3 7
1600000 73 14895 0 0 11760 3197 73387 12 32 3 7
1600000 74 15292 0 0 12073 3282 75340 12 32 3 7
1600000 75 15719 0 0 12410 3374 77443 13 33 3 7
1600000 76 16176 0 0 12772 3473 79696 13 33 3 7
1600000 77 16664 0 0 13158 3578 82099 13 34 3 7
1600000 78 17184 0 0 13568 3690 84652 13 34 3 7
1600000 79 17733 0 0 14002 3809 87356 13 35 3 7
1600000 80 18313 0 0 14460 3934 90210 14 35 4 8
1600000 81 18705 0 0 14770 4019 92141 14 36 4 8
1600000 82 19136 0 0 15111 4112 94265 14 36 4 8
1600000 83 19608 0 0 15483 4214 96582 14 37 4 8
1600000 84 20118 0 0 15886 4324 99093 15 37 4 8
1600000 85 20668 0 0 16320 4443 101797 15 38 4 8
1600000 86 21256 0 0 16785 4570 104694 15 38 4 8
1600000 87 21884 0 0 17281 4706 107784 15 39 4 8
1600000 88 22552 0 0 17808 4850 111067 16 39 4 8
1600000 89 23258 0 0 18366 5003 114543 16 40 4 8
1600000 90 24004 0 0 18955 5164 118213 16 40 5 9
1600000 91 25004 0 0 18955 5164 118213 16 40 5 9
1600000 92 26004 0 0 18955 5164 118213 16 40 5 9
1600000 93 27004 0 0 18955 5164 118213 16 40 5 9
1600000 94 28004 0 0 18955 5164 118213 16 40 5 9
1600000 95 29004 0 0 18955 5164 118213 16 40 5 9
1600000 96 30004 0 0 18955 5164 118213 16 40 5 9
1600000 97 31004 0 0 18955 5164 118213 16 40 5 9
1600000 98 32004 0 0 18955 5164 118213 16 40 5 9
1600000 99 33004 0 0 18955 5164 118213 16 40 5 9
1600000 100 34004 0 0 18955 5164 118213 16 40 5 9
2600000 1 28 0 0 22 6 140 1 1 0 0
2600000 2 64 0 0 50 13 318 1 1 0 0
2600000 3 107 0 0 84 22 534 1 1 0 0
2600000 4 158 0 0 124 33 788 1 1 0 0
2600000 5 217 0 0 170 45 1080 1 1 0 0
2600000 6 284 0 0 223 59 1410 1 2 0 0
2600000 7 358 0 0 282 75 1778 1 2 0 0
2600000 8 440 0 0 347 92 2184 1 2 0 0
2600000 9 530 0 0 418 111 2627 1 2 0 0
2600000 10 628 0 0 495 132 3108 2 3 0 1
2600000 11 692 0 0 546 146 3429 2 3 0 1
2600000 12 764 0 0 602 161 3783 2 3 0 1
2600000 13 842 0 0 664 178 4169 2 4 0 1
2600000 14 927 0 0 731 196 4587 2 4 0 1
2600000 15 1018 0 0 803 215 5037 2 4 0 1
2600000 16 1116 0 0 880 236 5519 2 5 0 1
2600000 17 1220 0 0 962 258 6034 2 5 0 1
2600000 18 1331 0 0 1049 282 6581 2 5 0 1
2600000 19 1448 0 0 1142 307 7160 2 6 0 1
2600000 20 1572 0 0 1240 333 7771 3 6 1 2
2600000 21 1660 0 0 1308 351 8200 3 6 1 2
2600000 22 1755 0 0 1383 371 8672 3 7 1 2
2600000 23 1859 0 0 1465 393 9187 3 7 1 2
2600000 24 1972 0 0 1554 417 9745 3 7 1 2
2600000 25 2093 0 0 1650 443 10345 3 8 1 2
2600000 26 2224 0 0 1753 471 10988 3 8 1 2
2600000 27 2363 0 0 1863 501 11674 3 9 1 2
2600000 28 2511 0 0 1980 533 12403 3 9 1 2
2600000 29 2668 0 0 2104 567 13175 3 10 1 2
2600000 30 2833 0 0 2235 602 13990 4 10 1 3
2600000 31 2942 0 0 2321 625 14526 4 11 1 3
2600000 32 3061 0 0 2415 650 15116 4 11 1 3
2600000 33 3192 0 0 2518 678 15759 4 12 1 3
2600000 34 3333 0 0 2630 708 16456 4 12 1 3
2600000 35 3485 0 0 2750 741 17207 5 13 1 3
2600000 36 3648 0 0 2879 776 18011 5 13 1 3
2600000 37 3823 0 0 3016 813 18869 5 14 1 3
2600000 38 4008 0 0 3162 853 19781 5 14 1 3
2600000 39 4204 0 0 3317 895 20746 5 15 1 3
2600000 40 4411 0 0 3480 939 21765 6 15 2 4
2600000 41 4585 0 0 3617 976 22623 6 16 2 4
2600000 42 4776 0 0 3768 1017 23567 6 16 2 4
2600000 43 4985 0 0 3933 1062 24597 6 17 2 4
2600000 44 5212 0 0 4112 1111 25713 6 17 2 4
2600000 45 5456 0 0 4305 1163 26914 7 18 2 4
2600000 46 5717 0 0 4511 1219 28201 7 18 2 4
2600000 47 5996 0 0 4731 1279 29574 7 19 2 4
2600000 48 6292 0 0 4965 1343 31033 7 19 2 4
2600000 49 6606 0 0 5213 1411 32578 7 20 2 4
2600000 50 6937 0 0 5475 1482 34209 8 20 2 5
2600000 51 7155 0 0 5647 1529 35282 8 21 2 5
2600000 52 7394 0 0 5836 1580 36462 8 21 2 5
2600000 53 7656 0 0 6042 1636 37749 8 22 2 5
2600000 54 7939 0 0 6266 1697 39144 8 22 2 5
2600000 55 8244 0 0 6507 1763 40646 9 23 2 5
2600000 56 8571 0 0 6765 1833 42255 9 23 2 5
2600000 57 8920 0 0 7040 1908 43971 9 24 2 5
2600000 58 9290 0 0 7333 1988 45795 9 24 2 5
2600000 59 9682 0 0 7643 2073 47726 9 25 2 5
2600000 60 10096 0 0 7970 2162 49764 10 25 3 6
2600000 61 10358 0 0 8176 2218 51051 10 26 3 6
2600000 62 10645 0 0 8403 2280 52467 10 26 3 6
2600000 63 10959 0 0 8651 2348 54012 10 27 3 6
2600000 64 11299 0 0 8919 2421 55686 10 27 3 6
2600000 65 11665 0 0 9208 2500 57488 11 28 3 6
2600000 66 12057 0 0 9518 2585 59419 11 28 3 6
2600000 67 12476 0 0 9849 2675 61479 11 29 3 6
2600000 68 12920 0 0 10200 2771 63668 11 29 3 6
2600000 69 13392 0 0 10572 2873 65985 11 30 3 6
2600000 70 13888 0 0 10965 2980 68431 12 30 3 6
2600000 71 14193 0 0 11206 3046 69933 12 31 3 7
2600000 72 14528 0 0 11471 3118 71585 12 31 3 7
2600000 73 14895 0 0 11760 3197 73387 12 32 3 7
2600000 74 15292 0 0 12073 3282 75340 12 32 3 7
2600000 75 15719 0 0 12410 3374 77443 13 33 3 7
2600000 76 16176 0 0 12772 3473 79696 13 33 3 7
2600000 77 16664 0 0 13158 3578 82099 13 34 3 7
2600000 78 17184 0 0 13568 3690 84652 13 34 3 7
2600000 79 17733 0 0 14002 3809 87356 13 35 3 7
2600000 80 18313 0 0 14460 3934 90210 14 35 4 8
2600000 81 18705 0 0 14770 4019 92141 14 36 4 8
2600000 82 19136 0 0 15111 4112 94265 14 36 4 8
2600000 83 19608 0 0 15483 4214 96582 14 37 4 8
2600000 84 20118 0 0 15886 4324 99093 15 37 4 8
2600000 85 20668 0 0 16320 4443 101797 15 38 4 8
2600000 86 21256 0 0 16785 4570 104694 15 38 4 8
2600000 87 21884 0 0 17281 4706 107784 15 39 4 8
2600000 88 22552 0 0 17808 4850 111067 16 39 4 8
2600000 89 23258 0 0 18366 5003 114543 16 40 4 8
2600000 90 24004 0 0 18955 5164 118213 16 40 5 9
2600000 91 25004 0 0 18955 5164 118213 16 40 5 9
2600000 92 26004 0 0 18955 5164 118213 16 40 5 9
2600000 93 27004 0 0 18955 5164 118213 16 40 5 9
2600000 94 28004 0 0 18955 5164 118213 16 40 5 9
2600000 95 29004 0 0 18955 5164 118213 16 40 5 9
2600000 96 30004 0 0 18955 5164 118213 16 40 5 9
2600000 97 31004 0 0 18955 5164 118213 16 40 5 9
2600000 98 32004 0 0 18955 5164 118213 16 40 5 9
2600000 99 33004 0 0 18955 5164 118213 16 40 5 9
2600000 100 34004 0 0 18955 5164 118213 16 40 5 9
1700000 1 28 0 0 22 6 140 1 0 1 0
1700000 2 64 0 0 50 13 318 1 0 1 0
1700000 3 107 0 0 84 22 534 1 0 1 0
1700000 4 158 0 0 124 33 788 1 0 1 0
1700000 5 217 0 0 170 45 1080 1 0 1 0
1700000 6 284 0 0 223 59 1410 1 0 2 0
1700000 7 358 0 0 282 75 1778 1 0 2 0
1700000 8 440 0 0 347 92 2184 1 0 2 0
1700000 9 530 0 0 418 111 2627 1 0 2 0
1700000 10 628 0 0 495 132 3108 2 0 3 1
1700000 11 692 0 0 546 146 3429 2 0 3 1
1700000 12 764 0 0 602 161 3783 2 0 3 1
1700000 13 842 0 0 664 178 4169 2 0 4 1
1700000 14 927 0 0 731 196 4587 2 0 4 1
1700000 15 1018 0 0 803 215 5037 2 0 4 1
1700000 16 1116 0 0 880 236 5519 2 0 5 1
1700000 17 1220 0 0 962 258 6034 2 0 5 1
1700000 18 1331 0 0 1049 282 6581 2 0 5 1
1700000 19 1448 0 0 1142 307 7160 2 0 6 1
1700000 20 1572 0 0 1240 333 7771 3 1 6 2
1700000 21 1660 0 0 1308 351 8200 3 1 6 2
1700000 22 1755 0 0 1383 371 8672 3 1 7 2
1700000 23 1859 0 0 1465 393 9187 3 1 7 2
1700000 24 1972 0 0 1554 417 9745 3 1 7 2
1700000 25 2093 0 0 1650 443 10345 3 1 8 2
1700000 26 2224 0 0 1753 471 10988 3 1 8 2
1700000 27 2363 0 0 1863 501 11674 3 1 9 2
1700000 28 2511 0 0 1980 533 12403 3 1 9 2
1700000 29 2668 0 0 2104 567 13175 3 1 10 2
1700000 30 2833 0 0 2235 602 13990 4 1 10 3
1700000 31 2942 0 0 2321 625 14526 4 1 11 3
1700000 32 3061 0 0 2415 650 15116 4 1 11 3
1700000 33 3192 0 0 2518 678 15759 4 1 12 3
1700000 34 3333 0 0 2630 708 16456 4 1 12 3
1700000 35 3485 0 0 2750 741 17207 5 1 13 3
1700000 36 3648 0 0 2879 776 18011 5 1 13 3
1700000 37 3823 0 0 3016 813 18869 5 1 14 3
1700000 38 4008 0 0 3162 853 19781 5 1 14 3
1700000 39 4204 0 0 3317 895 20746 5 1 15 3
1700000 40 4411 0 0 3480 939 21765 6 2 15 4
1700000 41 4585 0 0 3617 976 22623 6 2 16 4
1700000 42 4776 0 0 3768 1017 23567 6 2 16 4
1700000 43 4985 0 0 3933 1062 24597 6 2 17 4
1700000 44 5212 0 0 4112 1111 25713 6 2 17 4
1700000 45 5456 0 0 4305 1163 26914 7 2 18 4
1700000 46 5717 0 0 4511 1219 28201 7 2 18 4
1700000 47 5996 0 0 4731 1279 29574 7 2 19 4
1700000 48 6292 0 0 4965 1343 31033 7 2 19 4
1700000 49 6606 0 0 5213 1411 32578 7 2 20 4
1700000 50 6937 0 0 5475 1482 34209 8 2 20 5
1700000 51 7155 0 0 5647 1529 35282 8 2 21 5
1700000 52 7394 0 0 5836 1580 36462 8 2 21 5
1700000 53 7656 0 0 6042 1636 37749 8 2 22 5
1700000 54 7939 0 0 6266 1697 39144 8 2 22 5
1700000 55 8244 0 0 6507 1763 40646 9 2 23 5
1700000 56 8571 0 0 6765 1833 42255 9 2 23 5
1700000 57 8920 0 0 7040 1908 43971 9 2 24 5
1700000 58 9290 0 0 7333 1988 45795 9 2 24 5
1700000 59 9682 0 0 7643 2073 47726 9 2 25 5
1700000 60 10096 0 0 7970 2162 49764 10 3 25 6
1700000 61 10358 0 0 8176 2218 51051 10 3 26 6
1700000 62 10645 0 0 8403 2280 52467 10 3 26 6
1700000 63 10959 0 0 8651 2348 54012 10 3 27 6
1700000 64 11299 0 0 8919 2421 55686 10 3 27 6
1700000 65 11665 0 0 9208 2500 57488 11 3 28 6
1700000 66 12057 0 0 9518 2585 59419 11 3 28 6
1700000 67 12476 0 0 9849 2675 61479 11 3 29 6
1700000 68 12920 0 0 10200 2771 63668 11 3 29 6
1700000 69 13392 0 0 10572 2873 65985 11 3 30 6
1700000 70 13888 0 0 10965 2980 68431 12 3 30 6
1700000 71 14193 0 0 11206 3046 69933 12 3 31 7
1700000 72 14528 0 0 11471 3118 71585 12 3 31 7
1700000 73 14895 0 0 11760 3197 73387 12 3 32 7
1700000 74 15292 0 0 12073 3282 75340 12 3 32 7
1700000 75 15719 0 0 12410 3374 77443 13 3 33 7
1700000 76 16176 0 0 12772 3473 79696 13 3 33 7
1700000 77 16664 0 0 13158 3578 82099 13 3 34 7
1700000 78 17184 0 0 13568 3690 84652 13 3 34 7
1700000 79 17733 0 0 14002 3809 87356 13 3 35 7
1700000 80 18313 0 0 14460 3934 90210 14 4 35 8
1700000 81 18705 0 0 14770 4019 92141 14 4 36 8
1700000 82 19136 0 0 15111 4112 94265 14 4 36 8
1700000 83 19608 0 0 15483 4214 96582 14 4 37 8
1700000 84 20118 0 0 15886 4324 99093 15 4 37 8
1700000 85 20668 0 0 16320 4443 101797 15 4 38 8
1700000 86 21256 0 0 16785 4570 104694 15 4 38 8
1700000 87 21884 0 0 17281 4706 107784 15 4 39 8
1700000 88 22552 0 0 17808 4850 111067 16 4 39 8
1700000 89 23258 0 0 18366 5003 114543 16 4 40 8
1700000 90 24004 0 0 18955 5164 118213 16 5 40 9
1700000 91 25004 0 0 18955 5164 118213 16 5 40 9
1700000 92 26004 0 0 18955 5164 118213 16 5 40 9
1700000 93 27004 0 0 18955 5164 118213 16 5 40 9
1700000 94 28004 0 0 18955 5164 118213 16 5 40 9
1700000 95 29004 0 0 18955 5164 118213 16 5 40 9
1700000 96 30004 0 0 18955 5164 118213 16 5 40 9
1700000 97 31004 0 0 18955 5164 118213 16 5 40 9
1700000 98 32004 0 0 18955 5164 118213 16 5 40 9
1700000 99 33004 0 0 18955 5164 118213 16 5 40 9
1700000 100 34004 0 0 18955 5164 118213 16 5 40 9
2700000 1 28 0 0 22 6 140 1 0 1 0
2700000 2 64 0 0 50 13 318 1 0 1 0
2700000 3 107 0 0 84 22 534 1 0 1 0
2700000 4 158 0 0 124 33 788 1 0 1 0
2700000 5 217 0 0 170 45 1080 1 0 1 0
2700000 6 284 0 0 223 59 1410 1 0 2 0
2700000 7 358 0 0 282 75 1778 1 0 2 0
2700000 8 440 0 0 347 92 2184 1 0 2 0
2700000 9 530 0 0 418 111 2627 1 0 2 0
2700000 10 628 0 0 495 132 3108 2 0 3 1
2700000 11 692 0 0 546 146 3429 2 0 3 1
2700000 12 764 0 0 602 161 3783 2 0 3 1
2700000 13 842 0 0 664 178 4169 2 0 4 1
2700000 14 927 0 0 731 196 4587 2 0 4 1
2700000 15 1018 0 0 803 215 5037 2 0 4 1
2700000 16 1116 0 0 880 236 5519 2 0 5 1
2700000 17 1220 0 0 962 258 6034 2 0 5 1
2700000 18 1331 0 0 1049 282 6581 2 0 5 1
2700000 19 1448 0 0 1142 307 7160 2 0 6 1
2700000 20 1572 0 0 1240 333 7771 3 1 6 2
2700000 21 1660 0 0 1308 351 8200 3 1 6 2
2700000 22 1755 0 0 1383 371 8672 3 1 7 2
2700000 23 1859 0 0 1465 393 9187 3 1 7 2
2700000 24 1972 0 0 1554 417 9745 3 1 7 2
2700000 25 2093 0 0 1650 443 10345 3 1 8 2
2700000 26 2224 0 0 1753 471 10988 3 1 8 2
2700000 27 2363 0 0 1863 501 11674 3 1 9 2
2700000 28 2511 0 0 1980 533 12403 3 1 9 2
2700000 29 2668 0 0 2104 567 13175 3 1 10 2
2700000 30 2833 0 0 2235 602 13990 4 1 10 3
2700000 31 2942 0 0 2321 625 14526 4 1 11 3
2700000 32 3061 0 0 2415 650 15116 4 1 11 3
2700000 33 3192 0 0 2518 678 15759 4 1 12 3
2700000 34 3333 0 0 2630 708 16456 4 1 12 3
2700000 35 3485 0 0 2750 741 17207 5 1 13 3
2700000 36 3648 0 0 2879 776 18011 5 1 13 3
2700000 37 3823 0 0 3016 813 18869 5 1 14 3
2700000 38 4008 0 0 3162 853 19781 5 1 14 3
2700000 39 4204 0 0 3317 895 20746 5 1 15 3
2700000 40 4411 0 0 3480 939 21765 6 2 15 4
2700000 41 4585 0 0 3617 976 22623 6 2 16 4
2700000 42 4776 0 0 3768 1017 23567 6 2 16 4
2700000 43 4985 0 0 3933 1062 24597 6 2 17 4
2700000 44 5212 0 0 4112 1111 25713 6 2 17 4
2700000 45 5456 0 0 4305 1163 26914 7 2 18 4
2700000 46 5717 0 0 4511 1219 28201 7 2 18 4
2700000 47 5996 0 0 4731 1279 29574 7 2 19 4
2700000 48 6292 0 0 4965 1343 31033 7 2 19 4
2700000 49 6606 0 0 5213 1411 32578 7 2 20 4
2700000 50 6937 0 0 5475 1482 34209 8 2 20 5
2700000 51 7155 0 0 5647 1529 35282 8 2 21 5
2700000 52 7394 0 0 5836 1580 36462 8 2 21 5
2700000 53 7656 0 0 6042 1636 37749 8 2 22 5
2700000 54 7939 0 0 6266 1697 39144 8 2 22 5
2700000 55 8244 0 0 6507 1763 40646 9 2 23 5
2700000 56 8571 0 0 6765 1833 42255 9 2 23 5
2700000 57 8920 0 0 7040 1908 43971 9 2 24 5
2700000 58 9290 0 0 7333 1988 45795 9 2 24 5
2700000 59 9682 0 0 7643 2073 47726 9 2 25 5
2700000 60 10096 0 0 7970 2162 49764 10 3 25 6
2700000 61 10358 0 0 8176 2218 51051 10 3 26 6
2700000 62 10645 0 0 8403 2280 52467 10 3 26 6
2700000 63 10959 0 0 8651 2348 54012 10 3 27 6
2700000 64 11299 0 0 8919 2421 55686 10 3 27 6
2700000 65 11665 0 0 9208 2500 57488 11 3 28 6
2700000 66 12057 0 0 9518 2585 59419 11 3 28 6
2700000 67 12476 0 0 9849 2675 61479 11 3 29 6
2700000 68 12920 0 0 10200 2771 63668 11 3 29 6
2700000 69 13392 0 0 10572 2873 65985 11 3 30 6
2700000 70 13888 0 0 10965 2980 68431 12 3 30 6
2700000 71 14193 0 0 11206 3046 69933 12 3 31 7
2700000 72 14528 0 0 11471 3118 71585 12 3 31 7
2700000 73 14895 0 0 11760 3197 73387 12 3 32 7
2700000 74 15292 0 0 12073 3282 75340 12 3 32 7
2700000 75 15719 0 0 12410 3374 77443 13 3 33 7
2700000 76 16176 0 0 12772 3473 79696 13 3 33 7
2700000 77 16664 0 0 13158 3578 82099 13 3 34 7
2700000 78 17184 0 0 13568 3690 84652 13 3 34 7
2700000 79 17733 0 0 14002 3809 87356 13 3 35 7
2700000 80 18313 0 0 14460 3934 90210 14 4 35 8
2700000 81 18705 0 0 14770 4019 92141 14 4 36 8
2700000 82 19136 0 0 15111 4112 94265 14 4 36 8
2700000 83 19608 0 0 15483 4214 96582 14 4 37 8
2700000 84 20118 0 0 15886 4324 99093 15 4 37 8
2700000 85 20668 0 0 16320 4443 101797 15 4 38 8
2700000 86 21256 0 0 16785 4570 104694 15 4 38 8
2700000 87 21884 0 0 17281 4706 107784 15 4 39 8
2700000 88 22552 0 0 17808 4850 111067 16 4 39 8
2700000 89 23258 0 0 18366 5003 114543 16 4 40 8
2700000 90 24004 0 0 18955 5164 118213 16 5 40 9
2700000 91 25004 0 0 18955 5164 118213 16 5 40 9
2700000 92 26004 0 0 18955 5164 118213 16 5 40 9
2700000 93 27004 0 0 18955 5164 118213 16 5 40 9
2700000 94 28004 0 0 18955 5164 118213 16 5 40 9
2700000 95 29004 0 0 18955 5164 118213 16 5 40 9
2700000 96 30004 0 0 18955 5164 118213 16 5 40 9
2700000 97 31004 0 0 18955 5164 118213 16 5 40 9
2700000 98 32004 0 0 18955 5164 118213 16 5 40 9
2700000 99 33004 0 0 18955 5164 118213 16 5 40 9
2700000 100 34004 0 0 18955 5164 118213 16 5 40 9
1400000 1 52 0 0 22 6 140 1 0 0 0
1400000 2 120 0 0 50 13 318 1 0 0 0
1400000 3 201 0 0 84 22 534 1 0 0 0
1400000 4 297 0 0 124 33 788 1 0 0 0
1400000 5 408 0 0 170 45 1080 1 0 0 0
1400000 6 532 0 0 223 59 1410 1 0 0 0
1400000 7 672 0 0 282 75 1778 1 0 0 0
1400000 8 826 0 0 347 92 2184 1 0 0 0
1400000 9 994 0 0 418 111 2627 1 0 0 0
1400000 10 1177 0 0 495 132 3108 2 0 0 0
1400000 11 1299 0 0 546 146 3429 2 0 0 0
1400000 12 1432 0 0 602 161 3783 2 0 0 0
1400000 13 1579 0 0 664 178 4169 2 0 0 0
1400000 14 1738 0 0 731 196 4587 2 0 0 0
1400000 15 1909 0 0 803 215 5037 2 0 0 0
1400000 16 2092 0 0 880 236 5519 2 0 0 0
1400000 17 2287 0 0 962 258 6034 2 0 0 0
1400000 18 2496 0 0 1049 282 6581 2 0 0 0
1400000 19 2716 0 0 1142 307 7160 2 0 0 0
1400000 20 2949 0 0 1240 333 7771 3 0 0 0
1400000 21 3112 0 0 1308 351 8200 3 0 0 0
1400000 22 3291 0 0 1383 371 8672 3 0 0 0
1400000 23 3486 0 0 1465 393 9187 3 0 0 0
1400000 24 3697 0 0 1554 417 9745 3 0 0 0
1400000 25 3925 0 0 1650 443 10345 3 0 0 0
1400000 26 4170 0 0 1753 471 10988 3 0 0 0
1400000 27 4431 0 0 1863 501 11674 3 0 0 0
1400000 28 4708 0 0 1980 533 12403 3 0 0 0
1400000 29 5002 0 0 2104 567 13175 3 0 0 0
1400000 30 5313 0 0 2235 602 13990 4 0 0 0
1400000 31 5517 0 0 2321 625 14526 4 0 0 0
1400000 32 5740 0 0 2415 650 15116 4 0 0 0
1400000 33 5985 0 0 2518 678 15759 4 0 0 0
1400000 34 6250 0 0 2630 708 16456 4 0 0 0
1400000 35 6535 0 0 2750 741 17207 5 0 0 0
1400000 36 6841 0 0 2879 776 18011 5 0 0 0
1400000 37 7168 0 0 3016 813 18869 5 0 0 0
1400000 38 7515 0 0 3162 853 19781 5 0 0 0
1400000 39 7882 0 0 3317 895 20746 5 0 0 0
1400000 40 8271 0 0 3480 939 21765 6 0 0 0
1400000 41 8598 0 0 3617 976 22623 6 0 0 0
1400000 42 8956 0 0 3768 1017 23567 6 0 0 0
1400000 43 9348 0 0 3933 1062 24597 6 0 0 0
1400000 44 9772 0 0 4112 1111 25713 6 0 0 0
1400000 45 10230 0 0 4305 1163 26914 7 0 0 0
1400000 46 10720 0 0 4511 1219 28201 7 0 0 0
1400000 47 11244 0 0 4731 1279 29574 7 0 0 0
1400000 48 11799 0 0 4965 1343 31033 7 0 0 0
1400000 49 12387 0 0 5213 1411 32578 7 0 0 0
1400000 50 13008 0 0 5475 1482 34209 8 0 0 0
1400000 51 13416 0 0 5647 1529 35282 8 0 0 0
1400000 52 13864 0 0 5836 1580 36462 8 0 0 0
1400000 53 14355 0 0 6042 1636 37749 8 0 0 0
1400000 54 14886 0 0 6266 1697 39144 8 0 0 0
1400000 55 15457 0 0 6507 1763 40646 9 0 0 0
1400000 56 16071 0 0 6765 1833 42255 9 0 0 0
1400000 57 16725 0 0 7040 1908 43971 9 0 0 0
1400000 58 17419 0 0 7333 1988 45795 9 0 0 0
1400000 59 18154 0 0 7643 2073 47726 9 0 0 0
1400000 60 18931 0 0 7970 2162 49764 10 0 0 0
1400000 61 19422 0 0 8176 2218 51051 10 0 0 0
1400000 62 19960 0 0 8403 2280 52467 10 0 0 0
1400000 63 20548 0 0 8651 2348 54012 10 0 0 0
1400000 64 21186 0 0 8919 2421 55686 10 0 0 0
1400000 65 21873 0 0 9208 2500 57488 11 0 0 0
1400000 66 22608 0 0 9518 2585 59419 11 0 0 0
1400000 67 23392 0 0 9849 2675 61479 11 0 0 0
1400000 68 24226 0 0 10200 2771 63668 11 0 0 0
1400000 69 25110 0 0 10572 2873 65985 11 0 0 0
1400000 70 26041 0 0 10965 2980 68431 12 0 0 0
1400000 71 26613 0 0 11206 3046 69933 12 0 0 0
1400000 72 27241 0 0 11471 3118 71585 12 0 0 0
1400000 73 27928 0 0 11760 3197 73387 12 0 0 0
1400000 74 28672 0 0 12073 3282 75340 12 0 0 0
1400000 75 29473 0 0 12410 3374 77443 13 0 0 0
1400000 76 30331 0 0 12772 3473 79696 13 0 0 0
1400000 77 31246 0 0 13158 3578 82099 13 0 0 0
1400000 78 32220 0 0 13568 3690 84652 13 0 0 0
1400000 79 33250 0 0 14002 3809 87356 13 0 0 0
1400000 80 34338 0 0 14460 3934 90210 14 0 0 0
1400000 81 35073 0 0 14770 4019 92141 14 0 0 0
1400000 82 35881 0 0 15111 4112 94265 14 0 0 0
1400000 83 36765 0 0 15483 4214 96582 14 0 0 0
1400000 84 37722 0 0 15886 4324 99093 15 0 0 0
1400000 85 38752 0 0 16320 4443 101797 15 0 0 0
1400000 86 39856 0 0 16785 4570 104694 15 0 0 0
1400000 87 41034 0 0 17281 4706 107784 15 0 0 0
1400000 88 42285 0 0 17808 4850 111067 16 0 0 0
1400000 89 43609 0 0 18366 5003 114543 16 0 0 0
1400000 90 45007 0 0 18955 5164 118213 16 0 0 0
1400000 91 46007 0 0 18955 5164 118213 16 0 0 0
1400000 92 47007 0 0 18955 5164 118213 16 0 0 0
1400000 93 48007 0 0 18955 5164 118213 16 0 0 0
1400000 94 49007 0 0 18955 5164 118213 16 0 0 0
1400000 95 50007 0 0 18955 5164 118213 16 0 0 0
1400000 96 51007 0 0 18955 5164 118213 16 0 0 0
1400000 97 52007 0 0 18955 5164 118213 16 0 0 0
1400000 98 53007 0 0 18955 5164 118213 16 0 0 0
1400000 99 54007 0 0 18955 5164 118213 16 0 0 0
1400000 100 55007 0 0 18955 5164 118213 16 0 0 0
2400000 1 52 0 0 22 6 140 1 0 0 0
2400000 2 120 0 0 50 13 318 1 0 0 0
2400000 3 201 0 0 84 22 534 1 0 0 0
2400000 4 297 0 0 124 33 788 1 0 0 0
2400000 5 408 0 0 170 45 1080 1 0 0 0
2400000 6 532 0 0 223 59 1410 1 0 0 0
2400000 7 672 0 0 282 75 1778 1 0 0 0
2400000 8 826 0 0 347 92 2184 1 0 0 0
2400000 9 994 0 0 418 111 2627 1 0 0 0
2400000 10 1177 0 0 495 132 3108 2 0 0 0
2400000 11 1299 0 0 546 146 3429 2 0 0 0
2400000 12 1432 0 0 602 161 3783 2 0 0 0
2400000 13 1579 0 0 664 178 4169 2 0 0 0
2400000 14 1738 0 0 731 196 4587 2 0 0 0
2400000 15 1909 0 0 803 215 5037 2 0 0 0
2400000 16 2092 0 0 880 236 5519 2 0 0 0
2400000 17 2287 0 0 962 258 6034 2 0 0 0
2400000 18 2496 0 0 1049 282 6581 2 0 0 0
2400000 19 2716 0 0 1142 307 7160 2 0 0 0
2400000 20 2949 0 0 1240 333 7771 3 0 0 0
2400000 21 3112 0 0 1308 351 8200 3 0 0 0
2400000 22 3291 0 0 1383 371 8672 3 0 0 0
2400000 23 3486 0 0 1465 393 9187 3 0 0 0
2400000 24 3697 0 0 1554 417 9745 3 0 0 0
2400000 25 3925 0 0 1650 443 10345 3 0 0 0
2400000 26 4170 0 0 1753 471 10988 3 0 0 0
2400000 27 4431 0 0 1863 501 11674 3 0 0 0
2400000 28 4708 0 0 1980 533 12403 3 0 0 0
2400000 29 5002 0 0 2104 567 13175 3 0 0 0
2400000 30 5313 0 0 2235 602 13990 4 0 0 0
2400000 31 5517 0 0 2321 625 14526 4 0 0 0
2400000 32 5740 0 0 2415 650 15116 4 0 0 0
2400000 33 5985 0 0 2518 678 15759 4 0 0 0
2400000 34 6250 0 0 2630 708 16456 4 0 0 0
2400000 35 6535 0 0 2750 741 17207 5 0 0 0
2400000 36 6841 0 0 2879 776 18011 5 0 0 0
2400000 37 7168 0 0 3016 813 18869 5 0 0 0
2400000 38 7515 0 0 3162 853 19781 5 0 0 0
2400000 39 7882 0 0 3317 895 20746 5 0 0 0
2400000 40 8271 0 0 3480 939 21765 6 0 0 0
2400000 41 8598 0 0 3617 976 22623 6 0 0 0
2400000 42 8956 0 0 3768 1017 23567 6 0 0 0
2400000 43 9348 0 0 3933 1062 24597 6 0 0 0
2400000 44 9772 0 0 4112 1111 25713 6 0 0 0
2400000 45 10230 0 0 4305 1163 26914 7 0 0 0
2400000 46 10720 0 0 4511 1219 28201 7 0 0 0
2400000 47 11244 0 0 4731 1279 29574 7 0 0 0
2400000 48 11799 0 0 4965 1343 31033 7 0 0 0
2400000 49 12387 0 0 5213 1411 32578 7 0 0 0
2400000 50 13008 0 0 5475 1482 34209 8 0 0 0
2400000 51 13416 0 0 5647 1529 35282 8 0 0 0
2400000 52 13864 0 0 5836 1580 36462 8 0 0 0
2400000 53 14355 0 0 6042 1636 37749 8 0 0 0
2400000 54 14886 0 0 6266 1697 39144 8 0 0 0
2400000 55 15457 0 0 6507 1763 40646 9 0 0 0
2400000 56 16071 0 0 6765 1833 42255 9 0 0 0
2400000 57 16725 0 0 7040 1908 43971 9 0 0 0
2400000 58 17419 0 0 7333 1988 45795 9 0 0 0
2400000 59 18154 0 0 7643 2073 47726 9 0 0 0
2400000 60 18931 0 0 7970 2162 49764 10 0 0 0
2400000 61 19422 0 0 8176 2218 51051 10 0 0 0
2400000 62 19960 0 0 8403 2280 52467 10 0 0 0
2400000 63 20548 0 0 8651 2348 54012 10 0 0 0
2400000 64 21186 0 0 8919 2421 55686 10 0 0 0
2400000 65 21873 0 0 9208 2500 57488 11 0 0 0
2400000 66 22608 0 0 9518 2585 59419 11 0 0 0
2400000 67 23392 0 0 9849 2675 61479 11 0 0 0
2400000 68 24226 0 0 10200 2771 63668 11 0 0 0
2400000 69 25110 0 0 10572 2873 65985 11 0 0 0
2400000 70 26041 0 0 10965 2980 68431 12 0 0 0
2400000 71 26613 0 0 11206 3046 69933 12 0 0 0
2400000 72 27241 0 0 11471 3118 71585 12 0 0 0
2400000 73 27928 0 0 11760 3197 73387 12 0 0 0
2400000 74 28672 0 0 12073 3282 75340 12 0 0 0
2400000 75 29473 0 0 12410 3374 77443 13 0 0 0
2400000 76 30331 0 0 12772 3473 79696 13 0 0 0
2400000 77 31246 0 0 13158 3578 82099 13 0 0 0
2400000 78 32220 0 0 13568 3690 84652 13 0 0 0
2400000 79 33250 0 0 14002 3809 87356 13 0 0 0
2400000 80 34338 0 0 14460 3934 90210 14 0 0 0
2400000 81 35073 0 0 14770 4019 92141 14 0 0 0
2400000 82 35881 0 0 15111 4112 94265 14 0 0 0
2400000 83 36765 0 0 15483 4214 96582 14 0 0 0
2400000 84 37722 0 0 15886 4324 99093 15 0 0 0
2400000 85 38752 0 0 16320 4443 101797 15 0 0 0
2400000 86 39856 0 0 16785 4570 104694 15 0 0 0
2400000 87 41034 0 0 17281 4706 107784 15 0 0 0
2400000 88 42285 0 0 17808 4850 111067 16 0 0 0
2400000 89 43609 0 0 18366 5003 114543 16 0 0 0
2400000 90 45007 0 0 18955 5164 118213 16 0 0 0
2400000 91 46007 0 0 18955 5164 118213 16 0 0 0
2400000 92 47007 0 0 18955 5164 118213 16 0 0 0
2400000 93 48007 0 0 18955 5164 118213 16 0 0 0
2400000 94 50007 0 0 18955 5164 118213 16 0 0 0
2400000 95 51007 0 0 18955 5164 118213 16 0 0 0
2400000 96 52007 0 0 18955 5164 118213 16 0 0 0
2400000 97 53007 0 0 18955 5164 118213 16 0 0 0
2400000 98 54007 0 0 18955 5164 118213 16 0 0 0
2400000 99 55007 0 0 18955 5164 118213 16 0 0 0
2400000 100 56007 0 0 18955 5164 118213 16 0 0 0
1500000 1 28 0 0 22 6 140 1 1 0 0
1500000 2 64 0 0 50 13 318 1 1 1 1
1500000 3 107 0 0 84 22 534 1 1 1 1
1500000 4 158 0 0 124 33 788 1 1 1 1
1500000 5 217 0 0 170 45 1080 2 1 1 1
1500000 6 284 0 0 223 59 1410 2 1 1 1
1500000 7 358 0 0 282 75 1778 2 1 1 1
1500000 8 440 0 0 347 92 2184 2 1 1 1
1500000 9 530 0 0 418 111 2627 2 1 1 1
1500000 10 628 0 0 495 132 3108 3 1 1 1
1500000 11 692 0 0 546 146 3429 3 1 1 1
1500000 12 764 0 0 602 161 3783 3 1 1 1
1500000 13 842 0 0 664 178 4169 3 1 1 1
1500000 14 927 0 0 731 196 4587 3 1 1 1
1500000 15 1018 0 0 803 215 5037 4 1 1 1
1500000 16 1116 0 0 880 236 5519 4 2 1 1
1500000 17 1220 0 0 962 258 6034 4 2 2 1
1500000 18 1331 0 0 1049 282 6581 4 2 2 2
1500000 19 1448 0 0 1142 307 7160 4 2 2 2
1500000 20 1572 0 0 1240 333 7771 5 2 2 2
1500000 21 1660 0 0 1308 351 8200 5 2 2 2
1500000 22 1755 0 0 1383 371 8672 5 2 2 2
1500000 23 1859 0 0 1465 393 9187 5 2 2 2
1500000 24 1972 0 0 1554 417 9745 5 2 2 2
1500000 25 2093 0 0 1650 443 10345 6 2 2 2
1500000 26 2224 0 0 1753 471 10988 6 3 2 2
1500000 27 2363 0 0 1863 501 11674 6 3 3 2
1500000 28 2511 0 0 1980 533 12403 6 3 3 3
1500000 29 2668 0 0 2104 567 13175 6 3 3 3
1500000 30 2833 0 0 2235 602 13990 7 3 3 3
1500000 31 2942 0 0 2321 625 14526 7 3 3 3
1500000 32 3061 0 0 2415 650 15116 7 3 3 3
1500000 33 3192 0 0 2518 678 15759 8 3 3 3
1500000 34 3333 0 0 2630 708 16456 8 3 3 3
1500000 35 3485 0 0 2750 741 17207 8 3 3 3
1500000 36 3648 0 0 2879 776 18011 9 4 3 3
1500000 37 3823 0 0 3016 813 18869 9 4 4 3
1500000 38 4008 0 0 3162 853 19781 9 4 4 4
1500000 39 4204 0 0 3317 895 20746 10 4 4 4
1500000 40 4411 0 0 3480 939 21765 10 4 4 4
1500000 41 4585 0 0 3617 976 22623 10 4 4 4
1500000 42 4776 0 0 3768 1017 23567 11 4 4 4
1500000 43 4985 0 0 3933 1062 24597 11 4 4 4
1500000 44 5212 0 0 4112 1111 25713 11 4 4 4
1500000 45 5456 0 0 4305 1163 26914 12 4 4 4
1500000 46 5717 0 0 4511 1219 28201 12 5 4 4
1500000 47 5996 0 0 4731 1279 29574 12 5 5 4
1500000 48 6292 0 0 4965 1343 31033 13 5 5 5
1500000 49 6606 0 0 5213 1411 32578 13 5 5 5
1500000 50 6937 0 0 5475 1482 34209 13 5 5 5
1500000 51 7155 0 0 5647 1529 35282 14 5 5 5
1500000 52 7394 0 0 5836 1580 36462 14 5 5 5
1500000 53 7656 0 0 6042 1636 37749 14 5 5 5
1500000 54 7939 0 0 6266 1697 39144 15 5 5 5
1500000 55 8244 0 0 6507 1763 40646 15 5 5 5
1500000 56 8571 0 0 6765 1833 42255 15 6 5 5
1500000 57 8920 0 0 7040 1908 43971 16 6 6 5
1500000 58 9290 0 0 7333 1988 45795 16 6 6 6
1500000 59 9682 0 0 7643 2073 47726 16 6 6 6
1500000 60 10096 0 0 7970 2162 49764 17 6 6 6
1500000 61 10358 0 0 8176 2218 51051 17 6 6 6
1500000 62 10645 0 0 8403 2280 52467 17 6 6 6
1500000 63 10959 0 0 8651 2348 54012 18 6 6 6
1500000 64 11299 0 0 8919 2421 55686 18 6 6 6
1500000 65 11665 0 0 9208 2500 57488 18 6 6 6
1500000 66 12057 0 0 9518 2585 59419 19 7 6 6
1500000 67 12476 0 0 9849 2675 61479 19 7 7 6
1500000 68 12920 0 0 10200 2771 63668 19 7 7 7
1500000 69 13392 0 0 10572 2873 65985 20 7 7 7
1500000 70 13888 0 0 10965 2980 68431 20 7 7 7
1500000 71 14193 0 0 11206 3046 69933 20 7 7 7
1500000 72 14528 0 0 11471 3118 71585 21 7 7 7
1500000 73 14895 0 0 11760 3197 73387 21 7 7 7
1500000 74 15292 0 0 12073 3282 75340 21 7 7 7
1500000 75 15719 0 0 12410 3374 77443 22 7 7 7
1500000 76 16176 0 0 12772 3473 79696 22 8 7 7
1500000 77 16664 0 0 13158 3578 82099 22 8 8 7
1500000 78 17184 0 0 13568 3690 84652 23 8 8 8
1500000 79 17733 0 0 14002 3809 87356 23 8 8 8
1500000 80 18313 0 0 14460 3934 90210 23 8 8 8
1500000 81 18705 0 0 14770 4019 92141 24 8 8 8
1500000 82 19136 0 0 15111 4112 94265 24 8 8 8
1500000 83 19608 0 0 15483 4214 96582 24 8 8 8
1500000 84 20118 0 0 15886 4324 99093 25 8 8 8
1500000 85 20668 0 0 16320 4443 101797 25 8 8 8
1500000 86 21256 0 0 16785 4570 104694 25 9 8 8
1500000 87 21884 0 0 17281 4706 107784 26 9 9 8
1500000 88 22552 0 0 17808 4850 111067 26 9 9 9
1500000 89 23258 0 0 18366 5003 114543 26 9 9 9
1500000 90 24004 0 0 18955 5164 118213 27 9 9 9
1500000 91 25004 0 0 18955 5164 118213 27 9 9 9
1500000 92 26004 0 0 18955 5164 118213 27 9 9 9
1500000 93 27004 0 0 18955 5164 118213 27 9 9 9
1500000 94 28004 0 0 18955 5164 118213 27 9 9 9
1500000 95 29004 0 0 18955 5164 118213 27 9 9 9
1500000 96 30004 0 0 18955 5164 118213 27 9 9 9
1500000 97 31004 0 0 18955 5164 118213 27 9 9 9
1500000 98 32004 0 0 18955 5164 118213 27 9 9 9
1500000 99 33004 0 0 18955 5164 118213 27 9 9 9
1500000 100 34004 0 0 18955 5164 118213 27 9 9 9
2500000 1 28 0 0 22 6 140 1 1 0 0
2500000 2 64 0 0 50 13 318 1 1 1 1
2500000 3 107 0 0 84 22 534 1 1 1 1
2500000 4 158 0 0 124 33 788 1 1 1 1
2500000 5 217 0 0 170 45 1080 2 1 1 1
2500000 6 284 0 0 223 59 1410 2 1 1 1
2500000 7 358 0 0 282 75 1778 2 1 1 1
2500000 8 440 0 0 347 92 2184 2 1 1 1
2500000 9 530 0 0 418 111 2627 2 1 1 1
2500000 10 628 0 0 495 132 3108 3 1 1 1
2500000 11 692 0 0 546 146 3429 3 1 1 1
2500000 12 764 0 0 602 161 3783 3 1 1 1
2500000 13 842 0 0 664 178 4169 3 1 1 1
2500000 14 927 0 0 731 196 4587 3 1 1 1
2500000 15 1018 0 0 803 215 5037 4 1 1 1
2500000 16 1116 0 0 880 236 5519 4 2 1 1
2500000 17 1220 0 0 962 258 6034 4 2 2 1
2500000 18 1331 0 0 1049 282 6581 4 2 2 2
2500000 19 1448 0 0 1142 307 7160 4 2 2 2
2500000 20 1572 0 0 1240 333 7771 5 2 2 2
2500000 21 1660 0 0 1308 351 8200 5 2 2 2
2500000 22 1755 0 0 1383 371 8672 5 2 2 2
2500000 23 1859 0 0 1465 393 9187 5 2 2 2
2500000 24 1972 0 0 1554 417 9745 5 2 2 2
2500000 25 2093 0 0 1650 443 10345 6 2 2 2
2500000 26 2224 0 0 1753 471 10988 6 3 2 2
2500000 27 2363 0 0 1863 501 11674 6 3 3 2
2500000 28 2511 0 0 1980 533 12403 6 3 3 3
2500000 29 2668 0 0 2104 567 13175 6 3 3 3
2500000 30 2833 0 0 2235 602 13990 7 3 3 3
2500000 31 2942 0 0 2321 625 14526 7 3 3 3
2500000 32 3061 0 0 2415 650 15116 7 3 3 3
2500000 33 3192 0 0 2518 678 15759 8 3 3 3
2500000 34 3333 0 0 2630 708 16456 8 3 3 3
2500000 35 3485 0 0 2750 741 17207 8 3 3 3
2500000 36 3648 0 0 2879 776 18011 9 4 3 3
2500000 37 3823 0 0 3016 813 18869 9 4 4 3
2500000 38 4008 0 0 3162 853 19781 9 4 4 4
2500000 39 4204 0 0 3317 895 20746 10 4 4 4
2500000 40 4411 0 0 3480 939 21765 10 4 4 4
2500000 41 4585 0 0 3617 976 22623 10 4 4 4
2500000 42 4776 0 0 3768 1017 23567 11 4 4 4
2500000 43 4985 0 0 3933 1062 24597 11 4 4 4
2500000 44 5212 0 0 4112 1111 25713 11 4 4 4
2500000 45 5456 0 0 4305 1163 26914 12 4 4 4
2500000 46 5717 0 0 4511 1219 28201 12 5 4 4
2500000 47 5996 0 0 4731 1279 29574 12 5 5 4
2500000 48 6292 0 0 4965 1343 31033 13 5 5 5
2500000 49 6606 0 0 5213 1411 32578 13 5 5 5
2500000 50 6937 0 0 5475 1482 34209 13 5 5 5
2500000 51 7155 0 0 5647 1529 35282 14 5 5 5
2500000 52 7394 0 0 5836 1580 36462 14 5 5 5
2500000 53 7656 0 0 6042 1636 37749 14 5 5 5
2500000 54 7939 0 0 6266 1697 39144 15 5 5 5
2500000 55 8244 0 0 6507 1763 40646 15 5 5 5
2500000 56 8571 0 0 6765 1833 42255 15 6 5 5
2500000 57 8920 0 0 7040 1908 43971 16 6 6 5
2500000 58 9290 0 0 7333 1988 45795 16 6 6 6
2500000 59 9682 0 0 7643 2073 47726 16 6 6 6
2500000 60 10096 0 0 7970 2162 49764 17 6 6 6
2500000 61 10358 0 0 8176 2218 51051 17 6 6 6
2500000 62 10645 0 0 8403 2280 52467 17 6 6 6
2500000 63 10959 0 0 8651 2348 54012 18 6 6 6
2500000 64 11299 0 0 8919 2421 55686 18 6 6 6
2500000 65 11665 0 0 9208 2500 57488 18 6 6 6
2500000 66 12057 0 0 9518 2585 59419 19 7 6 6
2500000 67 12476 0 0 9849 2675 61479 19 7 7 6
2500000 68 12920 0 0 10200 2771 63668 19 7 7 7
2500000 69 13392 0 0 10572 2873 65985 20 7 7 7
2500000 70 13888 0 0 10965 2980 68431 20 7 7 7
2500000 71 14193 0 0 11206 3046 69933 20 7 7 7
2500000 72 14528 0 0 11471 3118 71585 21 7 7 7
2500000 73 14895 0 0 11760 3197 73387 21 7 7 7
2500000 74 15292 0 0 12073 3282 75340 21 7 7 7
2500000 75 15719 0 0 12410 3374 77443 22 7 7 7
2500000 76 16176 0 0 12772 3473 79696 22 8 7 7
2500000 77 16664 0 0 13158 3578 82099 22 8 8 7
2500000 78 17184 0 0 13568 3690 84652 23 8 8 8
2500000 79 17733 0 0 14002 3809 87356 23 8 8 8
2500000 80 18313 0 0 14460 3934 90210 23 8 8 8
2500000 81 18705 0 0 14770 4019 92141 24 8 8 8
2500000 82 19136 0 0 15111 4112 94265 24 8 8 8
2500000 83 19608 0 0 15483 4214 96582 24 8 8 8
2500000 84 20118 0 0 15886 4324 99093 25 8 8 8
2500000 85 20668 0 0 16320 4443 101797 25 8 8 8
2500000 86 21256 0 0 16785 4570 104694 25 9 8 8
2500000 87 21884 0 0 17281 4706 107784 26 9 9 8
2500000 88 22552 0 0 17808 4850 111067 26 9 9 9
2500000 89 23258 0 0 18366 5003 114543 26 9 9 9
2500000 90 24004 0 0 18955 5164 118213 27 9 9 9
2500000 91 25004 0 0 18955 5164 118213 27 9 9 9
2500000 92 26004 0 0 18955 5164 118213 27 9 9 9
2500000 93 27004 0 0 18955 5164 118213 27 9 9 9
2500000 94 28004 0 0 18955 5164 118213 27 9 9 9
2500000 95 29004 0 0 18955 5164 118213 27 9 9 9
2500000 96 30004 0 0 18955 5164 118213 27 9 9 9
2500000 97 31004 0 0 18955 5164 118213 27 9 9 9
2500000 98 32004 0 0 18955 5164 118213 27 9 9 9
2500000 99 33004 0 0 18955 5164 118213 27 9 9 9
2500000 100 34004 0 0 18955 5164 118213 27 9 9 9
1100000 1 35 0 0 22 6 140 1 1 0 0
1100000 2 80 0 0 50 13 318 1 1 1 0
1100000 3 134 0 0 84 22 534 1 1 1 1
1100000 4 198 0 0 124 33 788 1 1 1 1
1100000 5 272 0 0 170 45 1080 1 1 1 1
1100000 6 355 0 0 223 59 1410 1 2 1 1
1100000 7 448 0 0 282 75 1778 1 2 2 1
1100000 8 551 0 0 347 92 2184 1 2 2 2
1100000 9 663 0 0 418 111 2627 1 2 2 2
1100000 10 785 0 0 495 132 3108 2 2 2 2
1100000 11 866 0 0 546 146 3429 2 3 2 2
1100000 12 955 0 0 602 161 3783 2 3 3 2
1100000 13 1053 0 0 664 178 4169 2 3 3 3
1100000 14 1159 0 0 731 196 4587 2 3 3 3
1100000 15 1273 0 0 803 215 5037 2 3 3 3
1100000 16 1395 0 0 880 236 5519 2 4 3 3
1100000 17 1525 0 0 962 258 6034 2 4 4 3
1100000 18 1664 0 0 1049 282 6581 2 4 4 4
1100000 19 1811 0 0 1142 307 7160 2 4 4 4
1100000 20 1966 0 0 1240 333 7771 3 4 4 4
1100000 21 2075 0 0 1308 351 8200 3 5 4 4
1100000 22 2194 0 0 1383 371 8672 3 5 5 4
1100000 23 2324 0 0 1465 393 9187 3 5 5 5
1100000 24 2465 0 0 1554 417 9745 3 5 5 5
1100000 25 2617 0 0 1650 443 10345 3 5 5 5
1100000 26 2780 0 0 1753 471 10988 3 6 5 5
1100000 27 2954 0 0 1863 501 11674 3 6 6 5
1100000 28 3139 0 0 1980 533 12403 3 6 6 6
1100000 29 3335 0 0 2104 567 13175 3 6 6 6
1100000 30 3542 0 0 2235 602 13990 4 6 6 6
1100000 31 3678 0 0 2321 625 14526 4 7 6 6
1100000 32 3827 0 0 2415 650 15116 4 7 7 6
1100000 33 3990 0 0 2518 678 15759 4 7 7 7
1100000 34 4167 0 0 2630 708 16456 4 7 7 7
1100000 35 4357 0 0 2750 741 17207 5 7 7 7
1100000 36 4561 0 0 2879 776 18011 5 8 7 7
1100000 37 4779 0 0 3016 813 18869 5 8 8 7
1100000 38 5010 0 0 3162 853 19781 5 8 8 8
1100000 39 5255 0 0 3317 895 20746 5 8 8 8
1100000 40 5514 0 0 3480 939 21765 6 8 8 8
1100000 41 5732 0 0 3617 976 22623 6 9 8 8
1100000 42 5971 0 0 3768 1017 23567 6 9 9 8
1100000 43 6232 0 0 3933 1062 24597 6 9 9 9
1100000 44 6515 0 0 4112 1111 25713 6 9 9 9
1100000 45 6820 0 0 4305 1163 26914 7 9 9 9
1100000 46 7147 0 0 4511 1219 28201 7 10 9 9
1100000 47 7496 0 0 4731 1279 29574 7 10 10 9
1100000 48 7866 0 0 4965 1343 31033 7 10 10 10
1100000 49 8258 0 0 5213 1411 32578 7 10 10 10
1100000 50 8672 0 0 5475 1482 34209 8 10 10 10
1100000 51 8944 0 0 5647 1529 35282 8 11 10 10
1100000 52 9243 0 0 5836 1580 36462 8 11 11 10
1100000 53 9570 0 0 6042 1636 37749 8 11 11 11
1100000 54 9924 0 0 6266 1697 39144 8 11 11 11
1100000 55 10305 0 0 6507 1763 40646 9 11 11 11
1100000 56 10714 0 0 6765 1833 42255 9 12 11 11
1100000 57 11150 0 0 7040 1908 43971 9 12 12 11
1100000 58 11613 0 0 7333 1988 45795 9 12 12 12
1100000 59 12103 0 0 7643 2073 47726 9 12 12 12
1100000 60 12621 0 0 7970 2162 49764 10 12 12 12
1100000 61 12948 0 0 8176 2218 51051 10 13 12 12
1100000 62 13307 0 0 8403 2280 52467 10 13 13 12
1100000 63 13699 0 0 8651 2348 54012 10 13 13 13
1100000 64 14124 0 0 8919 2421 55686 10 13 13 13
1100000 65 14582 0 0 9208 2500 57488 11 13 13 13
1100000 66 15072 0 0 9518 2585 59419 11 14 13 13
1100000 67 15595 0 0 9849 2675 61479 11 14 14 13
1100000 68 16151 0 0 10200 2771 63668 11 14 14 14
1100000 69 16740 0 0 10572 2873 65985 11 14 14 14
1100000 70 17361 0 0 10965 2980 68431 12 14 14 14
1100000 71 17742 0 0 11206 3046 69933 12 15 14 14
1100000 72 18161 0 0 11471 3118 71585 12 15 15 14
1100000 73 18619 0 0 11760 3197 73387 12 15 15 15
1100000 74 19115 0 0 12073 3282 75340 12 15 15 15
1100000 75 19649 0 0 12410 3374 77443 13 15 15 15
1100000 76 20221 0 0 12772 3473 79696 13 16 15 15
1100000 77 20831 0 0 13158 3578 82099 13 16 16 15
1100000 78 21480 0 0 13568 3690 84652 13 16 16 16
1100000 79 22167 0 0 14002 3809 87356 13 16 16 16
1100000 80 22892 0 0 14460 3934 90210 14 16 16 16
1100000 81 23382 0 0 14770 4019 92141 14 17 16 16
1100000 82 23921 0 0 15111 4112 94265 14 17 17 16
1100000 83 24510 0 0 15483 4214 96582 14 17 17 17
1100000 84 25148 0 0 15886 4324 99093 15 17 17 17
1100000 85 25835 0 0 16320 4443 101797 15 17 17 17
1100000 86 26571 0 0 16785 4570 104694 15 18 17 17
1100000 87 27356 0 0 17281 4706 107784 15 18 18 17
1100000 88 28190 0 0 17808 4850 111067 16 18 18 18
1100000 89 29073 0 0 18366 5003 114543 16 18 18 18
1100000 90 30005 0 0 18955 5164 118213 16 18 18 18
1100000 91 31005 0 0 18955 5164 118213 16 18 18 18
1100000 92 32005 0 0 18955 5164 118213 16 18 18 18
1100000 93 33005 0 0 18955 5164 118213 16 18 18 18
1100000 94 34005 0 0 18955 5164 118213 16 18 18 18
1100000 95 35005 0 0 18955 5164 118213 16 18 18 18
1100000 96 36005 0 0 18955 5164 118213 16 18 18 18
1100000 97 37005 0 0 18955 5164 118213 16 18 18 18
1100000 98 38005 0 0 18955 5164 118213 16 18 18 18
1100000 99 39005 0 0 18955 5164 118213 16 18 18 18
1100000 100 40005 0 0 18955 5164 118213 16 18 18 18
2000000 1 35 0 0 22 6 140 1 1 0 0
2000000 2 80 0 0 50 13 318 1 1 1 0
2000000 3 134 0 0 84 22 534 1 1 1 1
2000000 4 198 0 0 124 33 788 1 1 1 1
2000000 5 272 0 0 170 45 1080 1 1 1 1
2000000 6 355 0 0 223 59 1410 1 2 1 1
2000000 7 448 0 0 282 75 1778 1 2 2 1
2000000 8 551 0 0 347 92 2184 1 2 2 2
2000000 9 663 0 0 418 111 2627 1 2 2 2
2000000 10 785 0 0 495 132 3108 2 2 2 2
2000000 11 866 0 0 546 146 3429 2 3 2 2
2000000 12 955 0 0 602 161 3783 2 3 3 2
2000000 13 1053 0 0 664 178 4169 2 3 3 3
2000000 14 1159 0 0 731 196 4587 2 3 3 3
2000000 15 1273 0 0 803 215 5037 2 3 3 3
2000000 16 1395 0 0 880 236 5519 2 4 3 3
2000000 17 1525 0 0 962 258 6034 2 4 4 3
2000000 18 1664 0 0 1049 282 6581 2 4 4 4
2000000 19 1811 0 0 1142 307 7160 2 4 4 4
2000000 20 1966 0 0 1240 333 7771 3 4 4 4
2000000 21 2075 0 0 1308 351 8200 3 5 4 4
2000000 22 2194 0 0 1383 371 8672 3 5 5 4
2000000 23 2324 0 0 1465 393 9187 3 5 5 5
2000000 24 2465 0 0 1554 417 9745 3 5 5 5
2000000 25 2617 0 0 1650 443 10345 3 5 5 5
2000000 26 2780 0 0 1753 471 10988 3 6 5 5
2000000 27 2954 0 0 1863 501 11674 3 6 6 5
2000000 28 3139 0 0 1980 533 12403 3 6 6 6
2000000 29 3335 0 0 2104 567 13175 3 6 6 6
2000000 30 3542 0 0 2235 602 13990 4 6 6 6
2000000 31 3678 0 0 2321 625 14526 4 7 6 6
2000000 32 3827 0 0 2415 650 15116 4 7 7 6
2000000 33 3990 0 0 2518 678 15759 4 7 7 7
2000000 34 4167 0 0 2630 708 16456 4 7 7 7
2000000 35 4357 0 0 2750 741 17207 5 7 7 7
2000000 36 4561 0 0 2879 776 18011 5 8 7 7
2000000 37 4779 0 0 3016 813 18869 5 8 8 7
2000000 38 5010 0 0 3162 853 19781 5 8 8 8
2000000 39 5255 0 0 3317 895 20746 5 8 8 8
2000000 40 5514 0 0 3480 939 21765 6 8 8 8
2000000 41 5732 0 0 3617 976 22623 6 9 8 8
2000000 42 5971 0 0 3768 1017 23567 6 9 9 8
2000000 43 6232 0 0 3933 1062 24597 6 9 9 9
2000000 44 6515 0 0 4112 1111 25713 6 9 9 9
2000000 45 6820 0 0 4305 1163 26914 7 9 9 9
2000000 46 7147 0 0 4511 1219 28201 7 10 9 9
2000000 47 7496 0 0 4731 1279 29574 7 10 10 9
2000000 48 7866 0 0 4965 1343 31033 7 10 10 10
2000000 49 8258 0 0 5213 1411 32578 7 10 10 10
2000000 50 8672 0 0 5475 1482 34209 8 10 10 10
2000000 51 8944 0 0 5647 1529 35282 8 11 10 10
2000000 52 9243 0 0 5836 1580 36462 8 11 11 10
2000000 53 9570 0 0 6042 1636 37749 8 11 11 11
2000000 54 9924 0 0 6266 1697 39144 8 11 11 11
2000000 55 10305 0 0 6507 1763 40646 9 11 11 11
2000000 56 10714 0 0 6765 1833 42255 9 12 11 11
2000000 57 11150 0 0 7040 1908 43971 9 12 12 11
2000000 58 11613 0 0 7333 1988 45795 9 12 12 12
2000000 59 12103 0 0 7643 2073 47726 9 12 12 12
2000000 60 12621 0 0 7970 2162 49764 10 12 12 12
2000000 61 12948 0 0 8176 2218 51051 10 13 12 12
2000000 62 13307 0 0 8403 2280 52467 10 13 13 12
2000000 63 13699 0 0 8651 2348 54012 10 13 13 13
2000000 64 14124 0 0 8919 2421 55686 10 13 13 13
2000000 65 14582 0 0 9208 2500 57488 11 13 13 13
2000000 66 15072 0 0 9518 2585 59419 11 14 13 13
2000000 67 15595 0 0 9849 2675 61479 11 14 14 13
2000000 68 16151 0 0 10200 2771 63668 11 14 14 14
2000000 69 16740 0 0 10572 2873 65985 11 14 14 14
2000000 70 17361 0 0 10965 2980 68431 12 14 14 14
2000000 71 17742 0 0 11206 3046 69933 12 15 14 14
2000000 72 18161 0 0 11471 3118 71585 12 15 15 14
2000000 73 18619 0 0 11760 3197 73387 12 15 15 15
2000000 74 19115 0 0 12073 3282 75340 12 15 15 15
2000000 75 19649 0 0 12410 3374 77443 13 15 15 15
2000000 76 20221 0 0 12772 3473 79696 13 16 15 15
2000000 77 20831 0 0 13158 3578 82099 13 16 16 15
2000000 78 21480 0 0 13568 3690 84652 13 16 16 16
2000000 79 22167 0 0 14002 3809 87356 13 16 16 16
2000000 80 22892 0 0 14460 3934 90210 14 16 16 16
2000000 81 23382 0 0 14770 4019 92141 14 17 16 16
2000000 82 23921 0 0 15111 4112 94265 14 17 17 16
2000000 83 24510 0 0 15483 4214 96582 14 17 17 17
2000000 84 25148 0 0 15886 4324 99093 15 17 17 17
2000000 85 25835 0 0 16320 4443 101797 15 17 17 17
2000000 86 26571 0 0 16785 4570 104694 15 18 17 17
2000000 87 27356 0 0 17281 4706 107784 15 18 18 17
2000000 88 28190 0 0 17808 4850 111067 16 18 18 18
2000000 89 29073 0 0 18366 5003 114543 16 18 18 18
2000000 90 30005 0 0 18955 5164 118213 16 18 18 18
2000000 91 31005 0 0 18955 5164 118213 16 18 18 18
2000000 92 32005 0 0 18955 5164 118213 16 18 18 18
2000000 93 33005 0 0 18955 5164 118213 16 18 18 18
2000000 94 34005 0 0 18955 5164 118213 16 18 18 18
2000000 95 35005 0 0 18955 5164 118213 16 18 18 18
2000000 96 36005 0 0 18955 5164 118213 16 18 18 18
2000000 97 37005 0 0 18955 5164 118213 16 18 18 18
2000000 98 38005 0 0 18955 5164 118213 16 18 18 18
2000000 99 39005 0 0 18955 5164 118213 16 18 18 18
2000000 100 40005 0 0 18955 5164 118213 16 18 18 18
1900000 1 28 0 0 22 6 140 1 1 0 0
1900000 2 64 0 0 50 13 318 1 1 1 0
1900000 3 107 0 0 84 22 534 1 1 1 1
1900000 4 158 0 0 124 33 788 1 1 1 1
1900000 5 217 0 0 170 45 1080 1 1 1 1
1900000 6 284 0 0 223 59 1410 1 2 1 1
1900000 7 358 0 0 282 75 1778 1 2 2 1
1900000 8 440 0 0 347 92 2184 1 2 2 2
1900000 9 530 0 0 418 111 2627 1 2 2 2
1900000 10 628 0 0 495 132 3108 2 2 2 2
1900000 11 692 0 0 546 146 3429 2 3 2 2
1900000 12 764 0 0 602 161 3783 2 3 3 2
1900000 13 842 0 0 664 178 4169 2 3 3 3
1900000 14 927 0 0 731 196 4587 2 3 3 3
1900000 15 1018 0 0 803 215 5037 2 3 3 3
1900000 16 1116 0 0 880 236 5519 2 4 3 3
1900000 17 1220 0 0 962 258 6034 2 4 4 3
1900000 18 1331 0 0 1049 282 6581 2 4 4 4
1900000 19 1448 0 0 1142 307 7160 2 4 4 4
1900000 20 1572 0 0 1240 333 7771 3 4 4 4
1900000 21 1660 0 0 1308 351 8200 3 5 4 4
1900000 22 1755 0 0 1383 371 8672 3 5 5 4
1900000 23 1859 0 0 1465 393 9187 3 5 5 5
1900000 24 1972 0 0 1554 417 9745 3 5 5 5
1900000 25 2093 0 0 1650 443 10345 3 5 5 5
1900000 26 2224 0 0 1753 471 10988 3 6 5 5
1900000 27 2363 0 0 1863 501 11674 3 6 6 5
1900000 28 2511 0 0 1980 533 12403 3 6 6 6
1900000 29 2668 0 0 2104 567 13175 3 6 6 6
1900000 30 2833 0 0 2235 602 13990 4 6 6 6
1900000 31 2942 0 0 2321 625 14526 4 7 6 6
1900000 32 3061 0 0 2415 650 15116 4 7 7 6
1900000 33 3192 0 0 2518 678 15759 4 7 7 7
1900000 34 3333 0 0 2630 708 16456 4 7 7 7
1900000 35 3485 0 0 2750 741 17207 5 7 7 7
1900000 36 3648 0 0 2879 776 18011 5 8 7 7
1900000 37 3823 0 0 3016 813 18869 5 8 8 7
1900000 38 4008 0 0 3162 853 19781 5 8 8 8
1900000 39 4204 0 0 3317 895 20746 5 8 8 8
1900000 40 4411 0 0 3480 939 21765 6 8 8 8
1900000 41 4585 0 0 3617 976 22623 6 9 8 8
1900000 42 4776 0 0 3768 1017 23567 6 9 9 8
1900000 43 4985 0 0 3933 1062 24597 6 9 9 9
1900000 44 5212 0 0 4112 1111 25713 6 9 9 9
1900000 45 5456 0 0 4305 1163 26914 7 9 9 9
1900000 46 5717 0 0 4511 1219 28201 7 10 9 9
1900000 47 5996 0 0 4731 1279 29574 7 10 10 9
1900000 48 6292 0 0 4965 1343 31033 7 10 10 10
1900000 49 6606 0 0 5213 1411 32578 7 10 10 10
1900000 50 6937 0 0 5475 1482 34209 8 10 10 10
1900000 51 7155 0 0 5647 1529 35282 8 11 10 10
1900000 52 7394 0 0 5836 1580 36462 8 11 11 10
1900000 53 7656 0 0 6042 1636 37749 8 11 11 11
1900000 54 7939 0 0 6266 1697 39144 8 11 11 11
1900000 55 8244 0 0 6507 1763 40646 9 11 11 11
1900000 56 8571 0 0 6765 1833 42255 9 12 11 11
1900000 57 8920 0 0 7040 1908 43971 9 12 12 11
1900000 58 9290 0 0 7333 1988 45795 9 12 12 12
1900000 59 9682 0 0 7643 2073 47726 9 12 12 12
1900000 60 10096 0 0 7970 2162 49764 10 12 12 12
1900000 61 10358 0 0 8176 2218 51051 10 13 12 12
1900000 62 10645 0 0 8403 2280 52467 10 13 13 12
1900000 63 10959 0 0 8651 2348 54012 10 13 13 13
1900000 64 11299 0 0 8919 2421 55686 10 13 13 13
1900000 65 11665 0 0 9208 2500 57488 11 13 13 13
1900000 66 12057 0 0 9518 2585 59419 11 14 13 13
1900000 67 12476 0 0 9849 2675 61479 11 14 14 13
1900000 68 12920 0 0 10200 2771 63668 11 14 14 14
1900000 69 13392 0 0 10572 2873 65985 11 14 14 14
1900000 70 13888 0 0 10965 2980 68431 12 14 14 14
1900000 71 14193 0 0 11206 3046 69933 12 15 14 14
1900000 72 14528 0 0 11471 3118 71585 12 15 15 14
1900000 73 14895 0 0 11760 3197 73387 12 15 15 15
1900000 74 15292 0 0 12073 3282 75340 12 15 15 15
1900000 75 15719 0 0 12410 3374 77443 13 15 15 15
1900000 76 16176 0 0 12772 3473 79696 13 16 15 15
1900000 77 16664 0 0 13158 3578 82099 13 16 16 15
1900000 78 17184 0 0 13568 3690 84652 13 16 16 16
1900000 79 17733 0 0 14002 3809 87356 13 16 16 16
1900000 80 18313 0 0 14460 3934 90210 14 16 16 16
1900000 81 18705 0 0 14770 4019 92141 14 17 16 16
1900000 82 19136 0 0 15111 4112 94265 14 17 17 16
1900000 83 19608 0 0 15483 4214 96582 14 17 17 17
1900000 84 20118 0 0 15886 4324 99093 15 17 17 17
1900000 85 20668 0 0 16320 4443 101797 15 17 17 17
1900000 86 21256 0 0 16785 4570 104694 15 18 17 17
1900000 87 21884 0 0 17281 4706 107784 15 18 18 17
1900000 88 22552 0 0 17808 4850 111067 16 18 18 18
1900000 89 23258 0 0 18366 5003 114543 16 18 18 18
1900000 90 24004 0 0 18955 5164 118213 16 18 18 18
1900000 91 25004 0 0 18955 5164 118213 16 18 18 18
1900000 92 26004 0 0 18955 5164 118213 16 18 18 18
1900000 93 27004 0 0 18955 5164 118213 16 18 18 18
1900000 94 28004 0 0 18955 5164 118213 16 18 18 18
1900000 95 29004 0 0 18955 5164 118213 16 18 18 18
1900000 96 30004 0 0 18955 5164 118213 16 18 18 18
1900000 97 31004 0 0 18955 5164 118213 16 18 18 18
1900000 98 32004 0 0 18955 5164 118213 16 18 18 18
1900000 99 33004 0 0 18955 5164 118213 16 18 18 18
1900000 100 34004 0 0 18955 5164 118213 16 18 18 18
2900000 1 28 0 0 22 6 140 1 1 0 0
2900000 2 64 0 0 50 13 318 1 1 1 0
2900000 3 107 0 0 84 22 534 1 1 1 1
2900000 4 158 0 0 124 33 788 1 1 1 1
2900000 5 217 0 0 170 45 1080 1 1 1 1
2900000 6 284 0 0 223 59 1410 1 2 1 1
2900000 7 358 0 0 282 75 1778 1 2 2 1
2900000 8 440 0 0 347 92 2184 1 2 2 2
2900000 9 530 0 0 418 111 2627 1 2 2 2
2900000 10 628 0 0 495 132 3108 2 2 2 2
2900000 11 692 0 0 546 146 3429 2 3 2 2
2900000 12 764 0 0 602 161 3783 2 3 3 2
2900000 13 842 0 0 664 178 4169 2 3 3 3
2900000 14 927 0 0 731 196 4587 2 3 3 3
2900000 15 1018 0 0 803 215 5037 2 3 3 3
2900000 16 1116 0 0 880 236 5519 2 4 3 3
2900000 17 1220 0 0 962 258 6034 2 4 4 3
2900000 18 1331 0 0 1049 282 6581 2 4 4 4
2900000 19 1448 0 0 1142 307 7160 2 4 4 4
2900000 20 1572 0 0 1240 333 7771 3 4 4 4
2900000 21 1660 0 0 1308 351 8200 3 5 4 4
2900000 22 1755 0 0 1383 371 8672 3 5 5 4
2900000 23 1859 0 0 1465 393 9187 3 5 5 5
2900000 24 1972 0 0 1554 417 9745 3 5 5 5
2900000 25 2093 0 0 1650 443 10345 3 5 5 5
2900000 26 2224 0 0 1753 471 10988 3 6 5 5
2900000 27 2363 0 0 1863 501 11674 3 6 6 5
2900000 28 2511 0 0 1980 533 12403 3 6 6 6
2900000 29 2668 0 0 2104 567 13175 3 6 6 6
2900000 30 2833 0 0 2235 602 13990 4 6 6 6
2900000 31 2942 0 0 2321 625 14526 4 7 6 6
2900000 32 3061 0 0 2415 650 15116 4 7 7 6
2900000 33 3192 0 0 2518 678 15759 4 7 7 7
2900000 34 3333 0 0 2630 708 16456 4 7 7 7
2900000 35 3485 0 0 2750 741 17207 5 7 7 7
2900000 36 3648 0 0 2879 776 18011 5 8 7 7
2900000 37 3823 0 0 3016 813 18869 5 8 8 7
2900000 38 4008 0 0 3162 853 19781 5 8 8 8
2900000 39 4204 0 0 3317 895 20746 5 8 8 8
2900000 40 4411 0 0 3480 939 21765 6 8 8 8
2900000 41 4585 0 0 3617 976 22623 6 9 8 8
2900000 42 4776 0 0 3768 1017 23567 6 9 9 8
2900000 43 4985 0 0 3933 1062 24597 6 9 9 9
2900000 44 5212 0 0 4112 1111 25713 6 9 9 9
2900000 45 5456 0 0 4305 1163 26914 7 9 9 9
2900000 46 5717 0 0 4511 1219 28201 7 10 9 9
2900000 47 5996 0 0 4731 1279 29574 7 10 10 9
2900000 48 6292 0 0 4965 1343 31033 7 10 10 10
2900000 49 6606 0 0 5213 1411 32578 7 10 10 10
2900000 50 6937 0 0 5475 1482 34209 8 10 10 10
2900000 51 7155 0 0 5647 1529 35282 8 11 10 10
2900000 52 7394 0 0 5836 1580 36462 8 11 11 10
2900000 53 7656 0 0 6042 1636 37749 8 11 11 11
2900000 54 7939 0 0 6266 1697 39144 8 11 11 11
2900000 55 8244 0 0 6507 1763 40646 9 11 11 11
2900000 56 8571 0 0 6765 1833 42255 9 12 11 11
2900000 57 8920 0 0 7040 1908 43971 9 12 12 11
2900000 58 9290 0 0 7333 1988 45795 9 12 12 12
2900000 59 9682 0 0 7643 2073 47726 9 12 12 12
2900000 60 10096 0 0 7970 2162 49764 10 12 12 12
2900000 61 10358 0 0 8176 2218 51051 10 13 12 12
2900000 62 10645 0 0 8403 2280 52467 10 13 13 12
2900000 63 10959 0 0 8651 2348 54012 10 13 13 13
2900000 64 11299 0 0 8919 2421 55686 10 13 13 13
2900000 65 11665 0 0 9208 2500 57488 11 13 13 13
2900000 66 12057 0 0 9518 2585 59419 11 14 13 13
2900000 67 12476 0 0 9849 2675 61479 11 14 14 13
2900000 68 12920 0 0 10200 2771 63668 11 14 14 14
2900000 69 13392 0 0 10572 2873 65985 11 14 14 14
2900000 70 13888 0 0 10965 2980 68431 12 14 14 14
2900000 71 14193 0 0 11206 3046 69933 12 15 14 14
2900000 72 14528 0 0 11471 3118 71585 12 15 15 14
2900000 73 14895 0 0 11760 3197 73387 12 15 15 15
2900000 74 15292 0 0 12073 3282 75340 12 15 15 15
2900000 75 15719 0 0 12410 3374 77443 13 15 15 15
2900000 76 16176 0 0 12772 3473 79696 13 16 15 15
2900000 77 16664 0 0 13158 3578 82099 13 16 16 15
2900000 78 17184 0 0 13568 3690 84652 13 16 16 16
2900000 79 17733 0 0 14002 3809 87356 13 16 16 16
2900000 80 18313 0 0 14460 3934 90210 14 16 16 16
2900000 81 18705 0 0 14770 4019 92141 14 17 16 16
2900000 82 19136 0 0 15111 4112 94265 14 17 17 16
2900000 83 19608 0 0 15483 4214 96582 14 17 17 17
2900000 84 20118 0 0 15886 4324 99093 15 17 17 17
2900000 85 20668 0 0 16320 4443 101797 15 17 17 17
2900000 86 21256 0 0 16785 4570 104694 15 18 17 17
2900000 87 21884 0 0 17281 4706 107784 15 18 18 17
2900000 88 22552 0 0 17808 4850 111067 16 18 18 18
2900000 89 23258 0 0 18366 5003 114543 16 18 18 18
2900000 90 24004 0 0 18955 5164 118213 16 18 18 18
2900000 91 25004 0 0 18955 5164 118213 16 18 18 18
2900000 92 26004 0 0 18955 5164 118213 16 18 18 18
2900000 93 27004 0 0 18955 5164 118213 16 18 18 18
2900000 94 28004 0 0 18955 5164 118213 16 18 18 18
2900000 95 29004 0 0 18955 5164 118213 16 18 18 18
2900000 96 30004 0 0 18955 5164 118213 16 18 18 18
2900000 97 31004 0 0 18955 5164 118213 16 18 18 18
2900000 98 32004 0 0 18955 5164 118213 16 18 18 18
2900000 99 33004 0 0 18955 5164 118213 16 18 18 18
2900000 100 34004 0 0 18955 5164 118213 16 18 18 18