51003000 1 1 1 13500 15 0 0
51003000 2 1 1 26700 33 0 0
51003000 3 50 2 31680 43 0 0
51003000 4 50 2 36540 54 0 0
51003000 5 100 2 41280 67 0 0
51003000 6 100 2 45900 81 0 0
51003000 7 130 2 49800 102 0 0
51003000 8 130 3 60750 142 0 0
51003000 9 135 3 71100 189 0 0
51003000 10 140 4 90000 300 5 0
51003000 11 155 5 105000 450 10 1
51003000 12 160 7 136500 735 15 1
51003000 13 165 9 162000 1080 20 1
51003000 14 170 11 181500 1485 22 1
51003000 15 175 13 195000 1950 25 1
51003000 16 175 16 192000 2880 25 2
51003000 17 175 20 180000 4200 25 2
51003000 18 175 25 150000 6000 25 3
51003000 19 175 25 75000 6750 28 3
51003000 20 0 0 0 0 0 0

51003001 1 1 58 964286 7500 0 2
51003001 2 1 64 1060714 8250 0 2
51003001 3 50 69 1157143 9000 0 3
51003001 4 50 75 1253571 9750 0 3
51003001 5 50 81 1350000 10500 0 3
51003001 6 100 82 1414286 11571 2 3
51003001 7 100 83 1474286 12686 3 3
51003001 8 100 84 1530000 13843 5 4
51003001 9 100 83 1581429 15043 8 4
51003001 10 130 83 1632653 16327 10 4
51003001 11 130 81 1671429 17571 13 4
51003001 12 130 79 1706122 18857 16 4
51003001 13 130 76 1736735 20184 19 5
51003001 14 130 73 1763265 21551 22 5
51003001 15 140 69 1785714 22959 26 5
51003001 16 140 72 1804082 23347 37 5
51003001 17 140 74 1818367 23694 50 6
51003001 18 140 77 1828571 24000 63 6
51003001 19 140 80 1834694 24265 77 6
51003001 20 145 85 1889764 25197 94 6
51003001 21 145 90 1936378 26041 114 7
51003001 22 145 95 1975433 26809 134 7
51003001 23 145 100 2006929 27502 156 7
51003001 24 145 105 2030866 28120 180 8
51003001 25 150 111 2047244 28661 205 8
51003001 26 150 116 2056063 29128 231 9
51003001 27 150 121 2057323 29518 259 9
51003001 28 150 126 2051024 29833 289 9
51003001 29 150 131 2037165 30072 320 10
51003001 30 155 137 2033898 30508 356 10
51003001 31 155 143 2009492 31200 386 11
51003001 32 155 148 1976949 31851 417 11
51003001 33 155 154 1936271 32461 450 11
51003001 34 155 159 1887458 33031 484 12
51003001 35 160 165 1830508 33559 519 12
51003001 36 160 170 1765424 34047 555 13
51003001 37 160 176 1692203 34495 592 13
51003001 38 160 181 1610847 34902 631 13
51003001 39 160 187 1521356 35268 671 14
51003001 40 165 194 1440678 36017 720 14
51003001 41 165 202 1348475 36708 772 15
51003001 42 165 210 1244746 37342 825 16
51003001 43 165 218 1129492 37919 879 16
51003001 44 165 226 1002712 38437 936 17
51003001 45 170 233 864407 38898 994 17
51003001 46 170 241 714576 39302 1054 18
51003001 47 170 249 553220 39647 1116 18
51003001 48 170 257 380339 39936 1179 19
51003001 49 170 265 195932 40166 1244 20
51003001 50 170 40000 100000 100000 100000 20
51003001 51 170 40000 100000 100000 100000 20
51003001 52 170 40000 100000 100000 100000 20
51003001 53 170 40000 100000 100000 100000 20
51003001 54 170 40000 100000 100000 100000 20
51003001 55 170 40000 100000 100000 100000 20
51003001 56 170 40000 100000 100000 100000 20
51003001 57 170 40000 100000 100000 100000 20
51003001 58 170 40000 100000 100000 100000 20
51003001 59 170 40000 100000 100000 100000 20
51003001 60 170 40000 100000 100000 100000 20
51003001 61 170 40000 100000 100000 100000 20
51003001 62 170 40000 100000 100000 100000 20
51003001 63 170 40000 100000 100000 100000 20
51003001 64 170 40000 100000 100000 100000 20
51003001 65 170 40000 100000 100000 100000 20
51003001 66 170 40000 100000 100000 100000 20
51003001 67 170 40000 100000 100000 100000 20
51003001 68 170 40000 100000 100000 100000 20
51003001 69 170 40000 100000 100000 100000 20
51003001 70 170 40000 100000 100000 100000 20
51003001 71 170 40000 100000 100000 100000 20
51003001 72 170 40000 100000 100000 100000 20
51003001 73 170 40000 100000 100000 100000 20
51003001 74 170 40000 100000 100000 100000 20
51003001 75 170 40000 100000 100000 100000 20
51003001 76 170 40000 100000 100000 100000 20
51003001 77 170 40000 100000 100000 100000 20
51003001 78 170 40000 100000 100000 100000 20
51003001 79 170 40000 100000 100000 100000 20
51003001 80 170 40000 100000 100000 100000 20
51003001 81 170 40000 100000 100000 100000 20
51003001 82 170 40000 100000 100000 100000 20
51003001 83 170 40000 100000 100000 100000 20
51003001 84 170 40000 100000 100000 100000 20
51003001 85 170 40000 100000 100000 100000 20
51003001 86 170 40000 100000 100000 100000 20
51003001 87 170 40000 100000 100000 100000 20
51003001 88 170 40000 100000 100000 100000 20
51003001 89 170 40000 100000 100000 100000 20
51003001 90 170 40000 100000 100000 100000 20
51003001 91 170 40000 100000 100000 100000 20
51003001 92 170 40000 100000 100000 100000 20
51003001 93 170 40000 100000 100000 100000 20
51003001 94 170 40000 100000 100000 100000 20
51003001 95 170 40000 100000 100000 100000 20
51003001 96 170 40000 100000 100000 100000 20
51003001 97 170 40000 100000 100000 100000 20
51003001 98 170 40000 100000 100000 100000 20
51003001 99 170 40000 100000 100000 100000 20
51003001 100 0 0 0 0 0 0